Timestamp dT0 sum(dT0) dT1 sum(dT1) dT2 sum(dT2) L0 L1N L1S L2 30S(Tg) 15S(Tg) 15N(Tg) 30N(Tg) Total(Tg) 
2035 0.32750293782402196 0.32750293782402196 0.0 0.0 0.0 0.0 0.01735 0.0 -0.0 0.0 0. 0.5205 0.5205 0. 1.041 
2036 0.16531938789813694 0.4928223257221589 0.0 0.0 0.0 0.0 0.023228798671850282 0 0.00024087986718502826 0 0.0048176 0.70047716 0.68963756 0. 1.39493232 
2037 0.04877472918968806 0.541597054911847 0.0 0.0 0.0 0.0 0.028611521459623236 0 0.0008643042919246473 0 0.01728609 0.87131021 0.83241652 0. 1.72101281 
2038 -0.08179713802661581 0.45979991688523114 0.0 0.0 0.0 0.0 0.0319104705118676 0 0.001245141153560279 0 0.02490282 0.97599123 0.91995988 0. 1.92085394 
2039 -0.18793098320804802 0.2718689336771831 0.0 0.0 0.0 0.0 0.03245885159486814 0 0.0004915406379472552 0 0.00983081 0.98113866 0.95901933 0. 1.9499888 
2040 -0.24018847721492875 0.03168045646225437 0.0 0.0 0.0 0.0 0.03088430322022606 0.0019078483898869708 0 0.0038156967797739415 0.15262787 0.75482274 0.84067592 0.19078484 1.93891137 
2041 -0.23950704500907705 -0.20782658854682268 0.0 0.0 0.0 0.0 0.029983794505927037 0.0040931027470364825 0 0.008186205494072965 0.32744822 0.53113459 0.71532421 0.40931027 1.98321729 
2042 -0.19537515776011105 -0.40320174630693373 0.0 0.0 0.0 0.0 0.03068604265557308 0.00547697867221346 0 0.01095395734442692 0.43815829 0.4276532 0.67411724 0.54769787 2.0876266 
2043 -0.11954461734336519 -0.5227463636502989 0.0 0.0 0.0 0.0 0.033356075047815945 0.005876962476092027 0 0.011753924952184054 0.470157 0.47175563 0.73621894 0.58769625 2.26582781 
2044 -0.03535368692485008 -0.558100050575149 0.0 0.0 0.0 0.0 0.037719796603750015 0.0054301016981249915 0 0.010860203396249983 0.43440814 0.64288475 0.88723932 0.54301017 2.50754237 
2045 0.03213662571096165 -0.5259634248641873 0.0 0.0 0.0 0.0 0.04301296957549597 0.004518515212252015 0 0.00903703042450403 0.36148122 0.88372272 1.0870559 0.45185152 2.78411136 
2046 0.06250823589977017 -0.4634551889644172 0.0 0.0 0.0 0.0 0.04818267075891696 0.0036686646205415204 0 0.007337329241083041 0.29349317 1.11530031 1.28039021 0.36686646 3.05605015 
2047 0.0454723472613523 -0.4179828417030649 0.0 0.0 0.0 0.0 0.05217305795171666 0.00340847102414167 0 0.00681694204828334 0.27267768 1.25842935 1.41181054 0.3408471 3.28376467 
2048 -0.016390495196105803 -0.4343733368991707 0.0 0.0 0.0 0.0 0.054211021872656445 0.00412448906367178 0 0.00824897812734356 0.32995913 1.25512664 1.44072865 0.41244891 3.43826332 
2049 -0.10833453380888614 -0.5427078707080568 0.0 0.0 0.0 0.0 0.05401592399733995 0.005957038001330028 0 0.011914076002660055 0.47656304 1.0843443 1.35241101 0.5957038 3.50902215 
2050 -0.2074118641670566 -0.7501197348751134 0.0 0.0 0.0 0.0 0.05187717173752829 0.008761414131235856 0 0.017522828262471712 0.70091313 0.76778788 1.16205152 0.87614141 3.50689394 
2051 -0.28863230896814684 -1.0387520438432603 0.0 0.0 0.0 0.0 0.048578866343551255 0.012145566828224376 0 0.024291133656448752 0.97164535 0.36426498 0.91081548 1.21455668 3.46128249 
2052 -0.3316696664413712 -1.3704217102846314 0.0 0.0 0.0 0.0 0.045191727805914156 0.015574136097042925 0 0.02961759170887123 1.18470367 0. 0.70083612 1.49618639 3.38172618 
2053 -0.3225412011479989 -1.6929629114326303 0.0 0.0 0.0 0.0 0.04292627473977449 0.018441862630112757 0 0.024484412109661735 0.97937648 0. 0.82988382 1.34821374 3.15747404 
2054 -0.2452820346332487 -1.938244946065879 0.0 0.0 0.0 0.0 0.04332145625320595 0.01997927187339702 0 0.02334218437980893 0.93368738 1.11022302e-16 0.89906723 1.33327281 3.16602742 
2055 -0.1576274370282249 -2.095872383094104 0.0 0.0 0.0 0.0 0.04551095329176137 0.02061952335411931 0 0.02489142993764206 0.9956572 0. 0.92787855 1.40804766 3.33158341 
2056 -0.07187668803186398 -2.167749071125968 0.0 0.0 0.0 0.0 0.04923484860741167 0.020492575696294164 0 0.028742272911117504 1.14969092 0. 0.92216591 1.55954243 3.63139925 
2057 -0.011553307344968289 -2.179302378470936 0.0 0.0 0.0 0.0 0.053597340949568945 0.020046329525215525 0 0.03355101142435342 1.34204046 2.22044605e-16 0.90208483 1.74296705 3.98709233 
2058 0.009058156831031283 -2.170244221639905 0.0 0.0 0.0 0.0 0.05761029501399761 0.019774852493001194 0 0.03783544252099641 1.5134177 0. 0.88986836 1.90891475 4.31220081 
2059 -0.014536339664971365 -2.1847805613048763 0.0 0.0 0.0 0.0 0.060382500712251784 0.020123749643874107 0 0.04024749928774821 1.60989997 0.00033755 0.90590629 2.01237496 4.52851878 
2060 -0.07499338961400781 -2.259773950918884 0.0 0.0 0.0 0.0 0.061373757668248076 0.02136312116587596 0 0.04001063650237212 1.60042546 0. 0.96134045 2.02768788 4.5894538 
2061 -0.1553961311555554 -2.4151700820744395 0.0 0.0 0.0 0.0 0.06052863829789109 0.023520680851054455 0 0.03700795744683663 1.4803183 0. 1.05843064 1.95073191 4.48948085 
2062 -0.23341328912795234 -2.648583371202392 0.0 0.0 0.0 0.0 0.0582994611159547 0.02637026944202265 0 0.03192919167393205 1.27716767 0. 1.18666212 1.80457306 4.26840285 
2063 -0.2876257536631215 -2.9362091248655133 0.0 0.0 0.0 0.0 0.05551382172292598 0.02949808913853701 0 0.02601573258438897 1.0406293 1.11022302e-16 1.32741401 1.63059109 3.9986344 
2064 -0.30301281019109183 -3.239221935056605 0.0 0.0 0.0 0.0 0.053157104161967145 0.03241144791901643 0 0.020745656242950716 0.82982625 0. 1.45851516 1.47805521 3.76639661 
2065 -0.27505071927060953 -3.5142726543272147 0.0 0.0 0.0 0.0 0.05210538226315982 0.03467230886842009 0 0.017433073394739727 0.69732294 0. 1.5602539 1.39076911 3.64834595 
2066 -0.21089175874686816 -3.725164413074083 0.0 0.0 0.0 0.0 0.0528901720556766 0.0360149139721617 0 0.0168752580835149 0.67501032 1.11022302e-16 1.62067113 1.3953086 3.69099005 
2067 -0.1274423334644439 -3.8526067465385267 0.0 0.0 0.0 0.0 0.05555510183594563 0.03641744908202719 0 0.01913765275391844 0.76550611 0. 1.63878521 1.49385509 3.89814641 
2068 -0.04682308888919806 -3.899429835427725 0.0 0.0 0.0 0.0 0.05964357148500031 0.03610821425749985 0 0.023535357227500463 0.94141429 0. 1.62486964 1.66357857 4.2298625 
2069 0.009565319214630108 -3.8898645162130947 0.0 0.0 0.0 0.0 0.06432052469492809 0.03550473765253596 0 0.028815787042392134 1.15263148 0. 1.59771319 1.86272623 4.61307091 
2070 0.026782702184902973 -3.8630818140281917 0.0 0.0 0.0 0.0 0.06859572625326782 0.035102136873366094 0 0.033493589379901725 1.33974358 0. 1.57959616 2.04178631 4.96112605 
2071 0.0003576808713887658 -3.862724133156803 0.0 0.0 0.0 0.0 0.07158869392317693 0.03534065303841154 0 0.036248040884765395 1.44992164 0. 1.59032939 2.1567347 5.19698572 
2072 -0.0625098854739008 -3.9252340186307038 0.0 0.0 0.0 0.0 0.07276428655488573 0.03648785672255714 0 0.036276429832328594 1.45105719 2.22044605e-16 1.64195355 2.18081433 5.27382507 
2073 -0.14487446486850786 -4.070108483499212 0.0 0.0 0.0 0.0 0.07207581204487074 0.03856709397756464 0 0.0335087180673061 1.34034872 0. 1.73551923 2.1116906 5.18755855 
2074 -0.22458234315291747 -4.294690826652129 0.0 0.0 0.0 0.0 0.06997730099256766 0.041351349503716175 0 0.028625951488851484 1.14503806 0. 1.86081073 1.97206505 4.97791384 
2075 -0.28020513088011967 -4.574895957532249 0.0 0.0 0.0 0.0 0.06730165008205366 0.044424174958973175 0 0.022877475123080485 0.915099 2.22044605e-16 1.99908787 1.8035825 4.71776938 
2076 -0.2967793298465722 -4.871675287378821 0.0 0.0 0.0 0.0 0.06503728050477531 0.04729135974761235 0 0.017745920757162956 0.70983683 0. 2.12811119 1.65566403 4.49361204 
2077 -0.26981398156698333 -5.141489268945804 0.0 0.0 0.0 0.0 0.064063150515616 0.04951342474219201 0 0.014549725773423984 0.58198903 5.55111512e-17 2.22810411 1.57225753 4.38235067 
2078 -0.20649249644719703 -5.347981765393001 0.0 0.0 0.0 0.0 0.06491312100832436 0.05082343949583781 0 0.014089681512486546 0.56358726 0. 2.28705478 1.58005605 4.43069809 
2079 -0.1237465882384754 -5.471728353631477 0.0 0.0 0.0 0.0 0.06763280856377987 0.05119859571811006 0 0.016434212845669816 0.65736851 0. 2.30393681 1.68134043 4.64264575 
2080 -0.043718362625156715 -5.515446716256633 0.0 0.0 0.0 0.0 0.07176727905646323 0.05086636047176838 0 0.020900918584694846 0.83603674 1.11022302e-16 2.28898622 1.85336395 4.97838692 
2081 0.012173543004735166 -5.503273173251898 0.0 0.0 0.0 0.0 0.0764828767664769 0.050243561616761544 0 0.026239315149715357 1.04957261 0. 2.26096027 2.05444384 5.36497672 
2082 0.028973822974535324 -5.474299350277363 0.0 0.0 0.0 0.0 0.08079054285035824 0.04982472857482088 0 0.030965814275537358 1.23863257 2.22044605e-16 2.24211279 2.23512714 5.7158725 
2083 0.0021984011906397427 -5.472100949086723 0.0 0.0 0.0 0.0 0.08381078337350166 0.050049608313249165 0 0.033761175060252495 1.350447 0. 2.25223237 2.35143917 5.95411855 
2084 -0.06096353017130696 -5.53306447925803 0.0 0.0 0.0 0.0 0.08500928742744313 0.05118535628627843 0 0.03382393114116469 1.35295725 0. 2.30334103 2.37666437 6.03296265 
2085 -0.14357540020063198 -5.676639879458662 0.0 0.0 0.0 0.0 0.0843400603822349 0.053254969808882544 0 0.03108509057335236 1.24340362 1.11022302e-16 2.39647364 2.30850302 5.94838028 
2086 -0.22349102280315947 -5.900130902261822 0.0 0.0 0.0 0.0 0.08225771877131084 0.056031140614344575 0 0.026226578156966267 1.04906313 0. 2.52140133 2.16968594 5.74015039 
2087 -0.2792883327133495 -6.179419234975171 0.0 0.0 0.0 0.0 0.07959565151130006 0.059097174244349966 0 0.020498477266950095 0.81993909 0. 2.65937284 2.00188258 5.48119451 
2088 -0.2960091445578996 -6.475428379533071 0.0 0.0 0.0 0.0 0.07734269330913524 0.06195865334543238 0 0.015384039963702856 0.6153616 0. 2.7881394 1.85453467 5.25803566 
2089 -0.26916696306244603 -6.744595342595517 0.0 0.0 0.0 0.0 0.0763781498064593 0.06417592509677035 0 0.012202224709688944 0.48808899 1.11022302e-16 2.88791663 1.77160749 5.14761311 
2090 -0.20594894809397601 -6.950544290689493 0.0 0.0 0.0 0.0 0.07723617373026254 0.06548191313486873 0 0.011754260595393806 0.47017042 1.11022302e-16 2.94668609 1.77980869 5.1966652 
2091 -0.12328996325766184 -7.073834253947155 0.0 0.0 0.0 0.0 0.07996262682515184 0.06585368658742408 0 0.014108940237727768 0.56435761 0. 2.9634159 1.88143134 5.40920485 
2092 -0.043334760371919856 -7.1171690143190744 0.0 0.0 0.0 0.0 0.08410278092315479 0.0655186095384226 0 0.018584171384732187 0.74336686 1.11022302e-16 2.94833743 2.05373905 5.74544333 
2093 0.012495800206920649 -7.104673214112154 0.0 0.0 0.0 0.0 0.08882315332553423 0.06489342333723289 0 0.02392972998830134 0.9571892 2.22044605e-16 2.92020405 2.25505767 6.13245092 
2094 0.029244545326889693 -7.075428668785264 0.0 0.0 0.0 0.0 0.09313483054071175 0.06447258472964412 0 0.028662245811067633 1.14648983 0. 2.90126631 2.43594153 6.48369767 
2095 0.0024258300628048346 -7.073002838722459 0.0 0.0 0.0 0.0 0.09615844074152832 0.06469577962923584 0 0.031462661112292484 1.25850644 0. 2.91131008 2.55242204 6.72223856 
2096 -0.06077247135607422 -7.1337753100785335 0.0 0.0 0.0 0.0 0.09735977559974668 0.06583011220012666 0 0.03152966339962002 1.26118654 2.22044605e-16 2.96235505 2.57778878 6.80133036 
2097 -0.14341489520182904 -7.2771902052803625 0.0 0.0 0.0 0.0 0.0966929266611759 0.06789853666941205 0 0.028794389991763855 1.1517756 2.22044605e-16 3.05543415 2.50974633 6.71695608 
2098 -0.22335618550374647 -7.500546390784109 0.0 0.0 0.0 0.0 0.09461258285393226 0.07067370857303387 0 0.023938874280898387 0.95755497 0. 3.18031689 2.37102914 6.508901 
2099 -0.279175058376552 -7.779721449160661 0.0 0.0 0.0 0.0 0.09195219391206899 0.0737389030439655 0 0.018213290868103485 0.72853163 0. 3.31825064 2.2033097 6.25009197 
2100 -0.2959139848695713 -8.075635434030232 0.0 0.0 0.0 0.0 0.08970064563413357 0.07659967718293322 0 0.01310096845120036 0.52403874 0. 3.44698547 2.05603228 6.02705649 
2101 -0.2690870211574179 -8.34472245518765 0.0 0.0 0.0 0.0 0.08873728658288527 0.07881635670855737 0 0.009920929874327897 0.39683719 0. 3.54673605 1.97316433 5.91673758 
2102 -0.20588179036889187 -8.550604245556542 0.0 0.0 0.0 0.0 0.08959630554256456 0.08012184722871772 0 0.009474458313846842 0.37897833 0. 3.60548313 1.98141528 5.96587673 
2103 -0.12323354528723485 -8.673837790843777 0.0 0.0 0.0 0.0 0.09232359454880246 0.08049320272559876 0 0.011830391823203695 0.47321567 0. 3.62219412 2.08307973 6.17848952 
2104 -0.043287364671869 -8.717125155515646 0.0 0.0 0.0 0.0 0.09646445088056849 0.08015777455971576 0 0.016306676320852725 0.65226705 0. 3.60709986 2.25542254 6.51478945 
2105 0.012535616463367205 -8.704589539052279 0.0 0.0 0.0 0.0 0.10118541321662289 0.07953229339168855 0 0.02165311982493434 0.86612479 4.4408921e-16 3.5789532 2.45677066 6.90184866 
2106 0.029277994232018045 -8.67531154482026 0.0 0.0 0.0 0.0 0.10549758602423515 0.07911120698788243 0 0.026386379036352714 1.05545516 3.33066907e-16 3.56000431 2.6376793 7.25313878 
2107 0.0024539298731838244 -8.672857614947077 0.0 0.0 0.0 0.0 0.10852161256314774 0.07933419371842612 0 0.02918741884472162 1.16749675 0. 3.57003872 2.75418063 7.4917161 
2108 -0.06074886522179668 -8.733606480168874 0.0 0.0 0.0 0.0 0.10972329717935073 0.08046835141032464 0 0.029254945769026083 1.17019783 0. 3.62107581 2.77956486 7.5708385 
2109 -0.1433950641223305 -8.877001544291204 0.0 0.0 0.0 0.0 0.1090567420660323 0.08253662896698384 0 0.026520113099048462 1.06080452 0. 3.7141483 2.7115371 7.48648993 
2110 -0.22333952577838545 -9.10034107006959 0.0 0.0 0.0 0.0 0.10697664509598209 0.08531167745200896 0 0.021664967643973132 0.86659871 1.11022302e-16 3.83902549 2.57283225 7.27845645 
2111 -0.27916106284749276 -9.379502132917082 0.0 0.0 0.0 0.0 0.10431646351750826 0.08837676824124586 0 0.01593969527626239 0.63758781 2.22044605e-16 3.97695457 2.40512318 7.01966556 
2112 -0.2959022274827703 -9.675404360399853 0.0 0.0 0.0 0.0 0.10206508944174802 0.091237455279126 0 0.01082763416262203 0.43310537 0. 4.10568549 2.25785447 6.79664533 
2113 -0.2690771439929449 -9.944481504392797 0.0 0.0 0.0 0.0 0.10110187673454088 0.09345406163272955 0 0.0076478151018113255 0.3059126 0. 4.20543277 2.17499384 6.68633921 
2114 -0.2058734927446153 -10.150354997137413 0.0 0.0 0.0 0.0 0.10196101863515891 0.09475949068242055 0 0.00720152795273836 0.28806112 0. 4.26417708 2.18325093 6.73548913 
2115 -0.1232265746055532 -10.273581571742966 0.0 0.0 0.0 0.0 0.1046884109218221 0.09513079453908894 0 0.009557616382733156 0.38230466 1.11022302e-16 4.28088575 2.28492055 6.94811096 
2116 -0.0432815087303311 -10.316863080473297 0.0 0.0 0.0 0.0 0.10882935401757363 0.0947953229912132 0 0.01403403102636043 0.56136124 3.33066907e-16 4.26578953 2.4572677 7.28441848 
2117 0.012540535932146213 -10.30432254454115 0.0 0.0 0.0 0.0 0.1135503892424552 0.0941698053787724 0 0.0193805838636828 0.77522335 2.22044605e-16 4.23764124 2.65861946 7.67148406 
2118 0.029282126987425272 -10.275040417553726 0.0 0.0 0.0 0.0 0.11786262328263675 0.09374868835868164 0 0.02411393492395511 0.9645574 0. 4.21869098 2.83953116 8.02277954 
2119 0.0024574017250529323 -10.272583015828673 0.0 0.0 0.0 0.0 0.12088670126190376 0.09397164936904812 0 0.026915051892855646 1.07660208 1.11022302e-16 4.22872422 2.95603506 8.26136136 
2120 -0.060745948582905385 -10.333328964411578 0.0 0.0 0.0 0.0 0.12208842909220097 0.09510578545389953 0 0.02698264363830144 1.07930575 0. 4.27976035 2.98142145 8.34048755 
2121 -0.14339261390762204 -10.4767215783192 0.0 0.0 0.0 0.0 0.12142191028224913 0.09717404485887543 0 0.024247865423373705 0.96991462 0. 4.37283202 2.91339551 8.25614215 
2122 -0.22333746739798244 -10.700059045717182 0.0 0.0 0.0 0.0 0.11934184380999252 0.09994907809500375 0 0.01939276571498877 0.77571063 3.33066907e-16 4.49770851 2.77469219 8.04811133 
2123 -0.27915933363999557 -10.979218379357178 0.0 0.0 0.0 0.0 0.11668168785215172 0.10301415607392414 0 0.013667531778227576 0.54670127 5.55111512e-17 4.63563702 2.60698439 7.78932269 
2124 -0.29590077480736454 -11.275119154164543 0.0 0.0 0.0 0.0 0.11443033529981414 0.10587483235009294 0 0.008555502949721197 0.34222012 0. 4.76436746 2.45971676 7.56630434 
2125 -0.2690759236269855 -11.544195077791528 0.0 0.0 0.0 0.0 0.11346714067404118 0.10809142966297941 0 0.005375711011061768 0.21502844 0. 4.86411433 2.37685703 7.45599981 
2126 -0.2058724675376311 -11.75006754532916 0.0 0.0 0.0 0.0 0.1143262977645377 0.10939685111773113 0 0.004929446646806571 0.19717787 3.60822483e-16 4.9228583 2.38511489 7.50515105 
2127 -0.1232257133479493 -11.873293258677108 0.0 0.0 0.0 0.0 0.11705370281194144 0.10976814859402928 0 0.00728555421791216 0.29142217 3.33066907e-16 4.93956669 2.48678514 7.717774 
2128 -0.04328078520370582 -11.916574043880814 0.0 0.0 0.0 0.0 0.12119465662775325 0.10943267168612336 0 0.011761984941629888 0.4704794 0. 4.92447023 2.65913283 8.05408245 
2129 0.012541143753594497 -11.90403290012722 0.0 0.0 0.0 0.0 0.12591570085836265 0.10880714957081868 0 0.017108551287543974 0.68434205 0. 4.89632173 2.86048504 8.44114883 
2130 0.029282637607025208 -11.874750262520195 0.0 0.0 0.0 0.0 0.13022794246408897 0.1083860287679555 0 0.021841913696133475 0.87367655 0. 4.87737129 3.04139712 8.79244497 
2131 0.0024578306871489985 -11.872292431833046 0.0 0.0 0.0 0.0 0.1332520267990301 0.10860898660048496 0 0.02464304019854513 0.98572161 0. 4.8874044 3.15790134 9.03102734 
2132 -0.06074558821967457 -11.93303802005272 0.0 0.0 0.0 0.0 0.13445375996861517 0.1097431200156924 0 0.02471063995292276 0.9884256 0. 4.9384404 3.183288 9.110154 
2133 -0.14339231117304507 -12.076430331225765 0.0 0.0 0.0 0.0 0.13378724564410177 0.11181137717794912 0 0.021975868466152654 0.87903474 0. 5.03151197 3.11526228 9.02580899 
2134 -0.22333721307632004 -12.299767544302085 0.0 0.0 0.0 0.0 0.13170718293997516 0.11458640853001241 0 0.01712077440996275 0.68483098 0. 5.15638838 2.97655915 8.81777851 
2135 -0.2791591199889467 -12.578926664291032 0.0 0.0 0.0 0.0 0.12904703014767638 0.11765148492616181 0 0.011395545221514564 0.45582181 2.77555756e-16 5.29431682 2.80885151 8.55899014 
2136 -0.2959005953230758 -12.874827259614108 0.0 0.0 0.0 0.0 0.12679568025464952 0.12051215987267523 0 0.006283520381974286 0.25134082 1.38777878e-16 5.42304719 2.66158401 8.33597202 
2137 -0.26907577284555373 -13.143903032459662 0.0 0.0 0.0 0.0 0.12583248786291457 0.12272875606854272 0 0.0031037317943718445 0.12414927 4.4408921e-16 5.52279402 2.57872439 8.22566769 
2138 -0.2058723408688934 -13.349775373328555 0.0 0.0 0.0 0.0 0.1266916468301867 0.12403417658490665 0 0.0026574702452800414 0.10629881 1.66533454e-16 5.58153795 2.58698234 8.2748191 
2139 -0.12322560693593232 -13.473000980264487 0.0 0.0 0.0 0.0 0.12941905345423232 0.12440547327288384 0 0.0050135801813484815 0.20054321 5.55111512e-17 5.5982463 2.68865267 8.48744218 
2140 -0.04328069580890315 -13.51628167607339 0.0 0.0 0.0 0.0 0.13356000859455402 0.12406999570272298 0 0.009490012891831046 0.37960052 0. 5.58314981 2.86100043 8.82375075 
2141 0.012541218852561542 -13.503740457220829 0.0 0.0 0.0 0.0 0.13828105393786072 0.12344447303106965 0 0.014836580906791075 0.59346324 2.22044605e-16 5.55500129 3.0623527 9.21081722 
2142 0.029282700696228403 -13.4744577565246 0.0 0.0 0.0 0.0 0.14259329647834076 0.12302335176082961 0 0.019569944717511153 0.78279779 2.22044605e-16 5.53605083 3.24326482 9.56211344 
2143 0.0024578836873274668 -13.471999872837273 0.0 0.0 0.0 0.0 0.145617381598556 0.123246309200722 0 0.022371072397833994 0.8948429 2.22044605e-16 5.54608391 3.35976908 9.80069589 
2144 -0.060745543695304605 -13.532745416532578 0.0 0.0 0.0 0.0 0.14681911542782974 0.12438044228608512 0 0.022438673141744622 0.89754693 0. 5.5971199 3.38515577 9.8798226 
2145 -0.14339227376888175 -13.67613769030146 0.0 0.0 0.0 0.0 0.14615260165751276 0.12644869917124363 0 0.01970390248626913 0.7881561 0. 5.69019146 3.31713008 9.79547765 
2146 -0.22333718165378968 -13.899474871955249 0.0 0.0 0.0 0.0 0.14407253941895454 0.12922373029052273 0 0.014848809128431811 0.59395237 4.99600361e-16 5.81506786 3.17842697 9.5874472 
2147 -0.27915909359143143 -14.17863396554668 0.0 0.0 0.0 0.0 0.1414123870177726 0.13228880649111371 0 0.009123580526658875 0.36494322 2.77555756e-16 5.95299629 3.01071935 9.32865886 
2148 -0.29590057314709384 -14.474534538693774 0.0 0.0 0.0 0.0 0.13916103745331215 0.13514948127334392 0 0.004011556179968234 0.16046225 3.33066907e-16 6.08172666 2.86345187 9.10564078 
2149 -0.26907575421586216 -14.743610292909636 0.0 0.0 0.0 0.0 0.13819784533760338 0.13736607733119832 0 0.0008317680064050537 0.03327072 2.22044605e-16 6.18147348 2.78059227 8.99533647 
2150 -0.20587232521842225 -14.949482618128059 0.0 0.0 0.0 0.0 0.13905700453675934 0.13867149773162032 0 0.0003855068051390187 0.01542027 3.88578059e-16 6.2402174 2.78885023 9.0444879 
2151 -0.12322559378827691 -15.072708211916336 0.0 0.0 0.0 0.0 0.1417844113556056 0.1390427943221972 0 0.002741617033408389 0.10966468 2.77555756e-16 6.25692574 2.89052057 9.25711099 
2152 -0.04328068476371527 -15.11598889668005 0.0 0.0 0.0 0.0 0.14592536665957906 0.13870731667021047 0 0.007218049989368591 0.288722 0. 6.24182925 3.06286833 9.59341958 
2153 0.01254122813139702 -15.103447668548654 0.0 0.0 0.0 0.0 0.15064641214036423 0.1380817939298179 0 0.01256461821054633 0.50258473 4.4408921e-16 6.21368073 3.26422061 9.98048606 
