Timestamp dT0 sum(dT0) dT1 sum(dT1) dT2 sum(dT2) L0 L1N L1S L2 30S(Tg) 15S(Tg) 15N(Tg) 30N(Tg) Total(Tg) 
2035 0.32971026109441937 0.32971026109441937 0.0 0.0 0.0 0.0 0.01735 0.0 -0.0 0.0 0. 0.5205 0.5205 0. 1.041 
2036 0.20101315198911607 0.5307234130835354 0.0 0.0 0.0 0.0 0.023498155828165904 0 0.0002678155828165905 0 0.00535631 0.70896191 0.69691021 0. 1.41122843 
2037 0.14929716384739322 0.6800205769309287 0.0 0.0 0.0 0.0 0.030360605862497315 0 0.0012141211724994634 0 0.02428242 0.92902999 0.87439454 0. 1.82770696 
2038 0.08637983873290977 0.7664004156638384 0.0 0.0 0.0 0.0 0.037123527193276294 0 0.0028090581579828886 0 0.05618116 1.15584169 1.02943407 0. 2.24145692 
2039 0.01873369300506056 0.785134108668899 0.0 0.0 0.0 0.0 0.04299862461650677 0 0.004707449846602707 0 0.094149 1.36057049 1.14873524 0. 2.60345473 
2040 -0.047009305508709076 0.7381248031601899 0.0 0.0 0.0 0.0 0.047347413607022104 0 0.0063237068035110495 0 0.12647414 1.51527801 1.2307112 0. 2.87246335 
2041 -0.1050415409322909 0.633083262227899 0.0 0.0 0.0 0.0 0.04783316349970963 0 0.004831581749854815 0 0.09663163 1.50746863 1.29004745 0. 2.89414772 
2042 -0.13549024591185344 0.4975930163160456 0.0 0.0 0.0 0.0 0.048266480698396716 0 0.003313240349198358 0 0.06626481 1.49769303 1.34859721 0. 2.91255504 
2043 -0.16753520073945083 0.33005781557659475 0.0 0.0 0.0 0.0 0.04808416385151973 0 0.001487081925759867 0 0.02974164 1.46483114 1.39791246 0. 2.89248524 
2044 -0.19584958071129677 0.13420823486529798 0.0 0.0 0.0 0.0 0.04745196337101822 0.000564018314490889 0 0.001128036628981778 0.04512147 1.37279725 1.39817808 0.05640183 2.87249863 
2045 -0.22417422219871241 -0.08996598733341443 0.0 0.0 0.0 0.0 0.046301234165562075 0.002874382917218961 0 0.005748765834437922 0.22995063 1.13034256 1.25968979 0.28743829 2.90742128 
2046 -0.2582563824327053 -0.34822236976611975 0.0 0.0 0.0 0.0 0.044421438834761504 0.00554928058261925 0 0.0110985611652385 0.44394245 0.83320791 1.08292554 0.55492806 2.91500396 
2047 -0.2869656098579867 -0.6351879796241064 0.0 0.0 0.0 0.0 0.0421145893124777 0.008437705343761152 0 0.016875410687522303 0.67501643 0.5040442 0.88374094 0.84377053 2.9065721 
2048 -0.3107748989242509 -0.9459628785483574 0.0 0.0 0.0 0.0 0.03946169867225127 0.011499150663874367 0 0.022998301327748733 0.91993205 0.1489274 0.66638918 1.14991507 2.8851637 
2049 -0.32922382610593104 -1.2751867046542884 0.0 0.0 0.0 0.0 0.036569287287087984 0.014680356356456009 0 0.021888930930631975 0.87555724 1.11022302e-16 0.66061604 1.16916436 2.70533764 
2050 -0.3236509504126275 -1.5988376550669159 0.0 0.0 0.0 0.0 0.03421845851972436 0.01759077074013782 0 0.01662768777958654 0.66510751 0. 0.79158468 1.01692293 2.47361512 
2051 -0.3066111273796537 -1.9054487824465696 0.0 0.0 0.0 0.0 0.03238930365018011 0.020240348174909946 0 0.012148955475270166 0.48595822 0. 0.91081567 0.89076518 2.28753907 
2052 -0.2897056286955717 -2.1951544111421413 0.0 0.0 0.0 0.0 0.03086706127096986 0.022736469364515073 0 0.008130591906454786 0.32522368 5.55111512e-17 1.02314112 0.77995306 2.12831786 
2053 -0.2703525836491849 -2.465506994791326 0.0 0.0 0.0 0.0 0.029743769714538654 0.025033115142730676 0 0.004710654571807978 0.18842618 0. 1.12649018 0.68908849 2.00400485 
2054 -0.24945653303041126 -2.7149635278217374 0.0 0.0 0.0 0.0 0.02903111288640567 0.027124443556797162 0 0.0019066693296085069 0.07626677 0. 1.22059996 0.61875564 1.91562238 
2055 -0.22723244481693428 -2.9421959726386717 0.0 0.0 0.0 0.0 0.028749459960562405 0.028749459960562405 0 0.0 0. 0. 1.2937257 0.5749892 1.8687149 
2056 -0.2046281197003168 -3.1468240923389885 0.0 0.0 0.0 0.0 0.02888842451968071 0.02888842451968071 0 0.0 0. 0. 1.2999791 0.57776849 1.87774759 
2057 -0.18385875337355628 -3.330682845712545 0.0 0.0 0.0 0.0 0.029373888736724335 0.029373888736724335 0 0.0 0. 0. 1.32182499 0.58747777 1.90930277 
2058 -0.16138698299266707 -3.492069828705212 0.0 0.0 0.0 0.0 0.030301740345928807 0.030301740345928807 0 0.0 0. 0. 1.36357832 0.60603481 1.96961312 
2059 -0.13870255841146673 -3.6307723871166786 0.0 0.0 0.0 0.0 0.03164860849683493 0.03164860849683493 0 0.0 0. 0. 1.42418738 0.63297217 2.05715955 
2060 -0.11645326124738631 -3.747225648364065 0.0 0.0 0.0 0.0 0.03339467595411044 0.03339467595411044 0 0.0 0. 0. 1.50276042 0.66789352 2.17065394 
2061 -0.09540422534928439 -3.8426298737133493 0.0 0.0 0.0 0.0 0.035503975987153796 0.035503975987153796 0 0.0 0. 0. 1.59767892 0.71007952 2.30775844 
2062 -0.07625188304410813 -3.9188817567574574 0.0 0.0 0.0 0.0 0.037929054391631356 0.03655547280418432 0 0.0013735815874470342 0.05494326 1.94289029e-16 1.64499628 0.78605272 2.48599226 
2063 -0.06217294039385024 -3.9810546971513077 0.0 0.0 0.0 0.0 0.040518934232923604 0.0369955328835382 0 0.003523401349385405 0.14093605 0. 1.66479898 0.88084671 2.68658175 
2064 -0.0518672933800417 -4.032921990531349 0.0 0.0 0.0 0.0 0.04322835610442155 0.037375821947789226 0 0.005852534156632325 0.23410137 0. 1.68191199 0.98161781 2.89763116 
2065 -0.04485238441617412 -4.0777743749475235 0.0 0.0 0.0 0.0 0.04600593030364433 0.037722034848177835 0 0.008283895455466497 0.33135582 2.77555756e-17 1.69749157 1.08579652 3.1146439 
2066 -0.04149757383999031 -4.119271948787514 0.0 0.0 0.0 0.0 0.048777917735916665 0.03807104113204167 0 0.010706876603874996 0.42827506 0. 1.71319685 1.18969589 3.3311678 
2067 -0.04184213785038082 -4.161114086637895 0.0 0.0 0.0 0.0 0.05147590109186456 0.03845704945406772 0 0.013018851637796841 0.52075407 0. 1.73056723 1.28989505 3.54121635 
2068 -0.04586855664842915 -4.206982643286324 0.0 0.0 0.0 0.0 0.05403282304119403 0.03891358847940299 0 0.01511923456179104 0.60476938 0. 1.75111148 1.38304115 3.73892202 
2069 -0.053437848212070094 -4.260420491498394 0.0 0.0 0.0 0.0 0.056386392383298525 0.03947180380835074 0 0.016914588574947785 0.67658354 0. 1.77623117 1.46601962 3.91883433 
2070 -0.06430856346594283 -4.324729054964337 0.0 0.0 0.0 0.0 0.05848061158272588 0.04015969420863706 0 0.01832091737408882 0.73283669 0. 1.80718624 1.53603058 4.07605351 
2071 -0.07814018139077916 -4.402869236355116 0.0 0.0 0.0 0.0 0.06026752765525012 0.041001236172374944 0 0.019266291482875175 0.77065166 0. 1.84505563 1.59067638 4.20638367 
2072 -0.09450398908853685 -4.497373225443653 0.0 0.0 0.0 0.0 0.061708646974060935 0.04201567651296954 0 0.0196929704610914 0.78771882 0. 1.89070544 1.62803235 4.30645661 
2073 -0.11289565230293874 -4.610268877746591 0.0 0.0 0.0 0.0 0.06277608910009361 0.0432169554499532 0 0.019559133650140406 0.78236535 0. 1.944763 1.64670446 4.3738328 
2074 -0.132750369050882 -4.743019246797473 0.0 0.0 0.0 0.0 0.0634534160299751 0.04461329198501245 0 0.01884012404496265 0.75360496 0. 2.00759814 1.6458708 4.4070739 
2075 -0.15345983780645156 -4.896479084603925 0.0 0.0 0.0 0.0 0.06373611771989011 0.04620694114005495 0 0.017529176579835166 0.70116706 1.11022302e-16 2.07931235 1.62530589 4.4057853 
2076 -0.174390590012365 -5.07086967461629 0.0 0.0 0.0 0.0 0.06363173715729561 0.0479941314213522 0 0.015637605735943416 0.62550423 0. 2.15973591 1.58538686 4.370627 
2077 -0.19490310857332815 -5.265772783189618 0.0 0.0 0.0 0.0 0.0631596311807381 0.04996518440963096 0 0.013194446771107142 0.52777787 0. 2.2484333 1.52708156 4.30329273 
2078 -0.2143711514312372 -5.480143934620855 0.0 0.0 0.0 0.0 0.0623503739252467 0.05210481303737664 0 0.010245560887870056 0.40982244 1.11022302e-16 2.34471659 1.4519187 4.20645772 
2079 -0.2322006888743431 -5.7123446234951984 0.0 0.0 0.0 0.0 0.06124482078363737 0.05439258960818131 0 0.00685223117545606 0.27408925 0. 2.44766653 1.36194104 4.08369682 
2080 -0.24784787663912766 -5.960192500134326 0.0 0.0 0.0 0.0 0.05989286110504578 0.0568035694474771 0 0.003089291657568681 0.12357167 4.16333634e-17 2.55616063 1.25964306 3.93937535 
2081 -0.2608355163270062 -6.221028016461332 0.0 0.0 0.0 0.0 0.05835189734997338 0.05835189734997338 0 0.0 0. 0. 2.62583538 1.16703795 3.79287333 
2082 -0.27253850951177583 -6.493566525973108 0.0 0.0 0.0 0.0 0.05662027785062662 0.05662027785062662 0 0.0 0. 0. 2.5479125 1.13240556 3.68031806 
2083 -0.2864284346341037 -6.779994960607212 0.0 0.0 0.0 0.0 0.05459445186708392 0.05459445186708392 0 0.0 0. 0. 2.45675033 1.09188904 3.54863937 
2084 -0.29503493247415236 -7.075029893081364 0.0 0.0 0.0 0.0 0.05250781369233404 0.05250781369233404 0 0.0 0. 0. 2.36285162 1.05015627 3.41300789 
2085 -0.2993941694933824 -7.374424062574747 0.0 0.0 0.0 0.0 0.05041912635315324 0.05041912635315324 0 0.0 0. 0. 2.26886069 1.00838253 3.27724321 
2086 -0.2992563709985916 -7.673680433573338 0.0 0.0 0.0 0.0 0.04841525647633366 0.04841525647633366 0 0.0 0. 0. 2.17868654 0.96830513 3.14699167 
2087 -0.2947332352317744 -7.968413668805113 0.0 0.0 0.0 0.0 0.04657441165612497 0.04657441165612497 0 0.0 0. 0. 2.09584852 0.93148823 3.02733676 
2088 -0.2860209426158349 -8.254434611420947 0.0 0.0 0.0 0.0 0.0449696633611269 0.0449696633611269 0 0.0 0. 0. 2.02363485 0.89939327 2.92302812 
2089 -0.2734414941788259 -8.527876105599773 0.0 0.0 0.0 0.0 0.04366588792405163 0.04366588792405163 0 0.0 0. 0. 1.96496496 0.87331776 2.83828272 
2090 -0.25742620253265613 -8.78530230813243 0.0 0.0 0.0 0.0 0.042718068254828934 0.042718068254828934 0 0.0 0. 0. 1.92231307 0.85436137 2.77667444 
2091 -0.23850477512564794 -9.023807083258077 0.0 0.0 0.0 0.0 0.0421696929915778 0.0421696929915778 0 0.0 0. 0. 1.89763618 0.84339386 2.74103004 
2092 -0.21728977883037714 -9.241096862088455 0.0 0.0 0.0 0.0 0.042051524471185375 0.042051524471185375 0 0.0 0. 0. 1.8923186 0.84103049 2.73334909 
2093 -0.19445874381540307 -9.435555605903858 0.0 0.0 0.0 0.0 0.042380737400137536 0.042380737400137536 0 0.0 0. 0. 1.90713318 0.84761475 2.75474793 
2094 -0.17073416539921027 -9.606289771303068 0.0 0.0 0.0 0.0 0.0431604619583483 0.0431604619583483 0 0.0 0. 0. 1.94222079 0.86320924 2.80543003 
2095 -0.14686207214663227 -9.7531518434497 0.0 0.0 0.0 0.0 0.04437974534458711 0.04437974534458711 0 0.0 0. 0. 1.99708854 0.88759491 2.88468345 
2096 -0.12358981241811762 -9.876741655867818 0.0 0.0 0.0 0.0 0.04601393413036736 0.04601393413036736 0 0.0 0. 0. 2.07062704 0.92027868 2.99090572 
2097 -0.1016437439237734 -9.978385399791591 0.0 0.0 0.0 0.0 0.04802546667000884 0.04802546667000884 0 0.0 0. 0. 2.161146 0.96050933 3.12165533 
2098 -0.08170751111231311 -10.060092910903904 0.0 0.0 0.0 0.0 0.05036505227710322 0.05036505227710322 0 0.0 0. 0. 2.26642735 1.00730105 3.2737284 
2099 -0.06440157673836211 -10.124494487642266 0.0 0.0 0.0 0.0 0.052973202021834476 0.052973202021834476 0 0.0 0. 0. 2.38379409 1.05946404 3.44325813 
2100 -0.05026463500598766 -10.174759122648254 0.0 0.0 0.0 0.0 0.055782065234927375 0.055782065234927375 0 0.0 0. 0. 2.51019294 1.1156413 3.62583424 
2101 -0.03973747584046805 -10.214496598488722 0.0 0.0 0.0 0.0 0.058717516439775824 0.058717516439775824 0 0.0 0. 0. 2.64228824 1.17435033 3.81663857 
2102 -0.03314979475379687 -10.247646393242519 0.0 0.0 0.0 0.0 0.061701429759667414 0.061701429759667414 0 0.0 0. 0. 2.77656434 1.2340286 4.01059293 
2103 -0.030710352746268654 -10.278356745988788 0.0 0.0 0.0 0.0 0.06465407209314844 0.06465407209314844 0 0.0 0. 0. 2.90943324 1.29308144 4.20251469 
2104 -0.03250078843797155 -10.31085753442676 0.0 0.0 0.0 0.0 0.06749654269157543 0.06749654269157543 0 0.0 0. 0. 3.03734442 1.34993085 4.38727527 
2105 -0.03847327324348271 -10.349330807670242 0.0 0.0 0.0 0.0 0.0701531853192788 0.0701531853192788 0 0.0 0. 0. 3.15689334 1.40306371 4.55995705 
2106 -0.048452083291522285 -10.397782890961764 0.0 0.0 0.0 0.0 0.07255389997116488 0.07255389997116488 0 0.0 0. 0. 3.2649255 1.451078 4.7160035 
2107 -0.062139042467265426 -10.45992193342903 0.0 0.0 0.0 0.0 0.07463628414109777 0.07463628414109777 0 0.0 0. 0. 3.35863279 1.49272568 4.85135847 
2108 -0.07912267306585363 -10.539044606494883 0.0 0.0 0.0 0.0 0.07634753878403852 0.07634753878403852 0 0.0 0. 0. 3.43563925 1.52695078 4.96259002 
2109 -0.09889077766109722 -10.63793538415598 0.0 0.0 0.0 0.0 0.07764608123874744 0.07764608123874744 0 0.0 0. 0. 3.49407366 1.55292162 5.04699528 
2110 -0.12084607132260317 -10.758781455478584 0.0 0.0 0.0 0.0 0.07850281625953828 0.07850281625953828 0 0.0 0. 0. 3.53262673 1.57005633 5.10268306 
2111 -0.1443243904609517 -10.903105845939535 0.0 0.0 0.0 0.0 0.07890202667387106 0.07890202667387106 0 0.0 0. 0. 3.5505912 1.57804053 5.12863173 
2112 -0.16861492612730444 -11.07172077206684 0.0 0.0 0.0 0.0 0.07884185672304717 0.07884185672304717 0 0.0 0. 0. 3.54788355 1.57683713 5.12472069 
2113 -0.19298186794503636 -11.264702640011876 0.0 0.0 0.0 0.0 0.07833437350438849 0.07833437350438849 0 0.0 0. 0. 3.52504681 1.56668747 5.09173428 
2114 -0.21668680187451628 -11.481389441886392 0.0 0.0 0.0 0.0 0.07740520473917539 0.07740520473917539 0 0.0 0. 0. 3.48323421 1.54810409 5.03133831 
2115 -0.23901118199302118 -11.720400623879414 0.0 0.0 0.0 0.0 0.07609276395253442 0.07609276395253442 0 0.0 0. 0. 3.42417438 1.52185528 4.94602966 
2116 -0.2592781941404496 -11.979678818019863 0.0 0.0 0.0 0.0 0.0744470866774663 0.0744470866774663 0 0.0 0. 0. 3.3501189 1.48894173 4.83906063 
2117 -0.27687334767188077 -12.256552165691744 0.0 0.0 0.0 0.0 0.07252831310544564 0.07252831310544564 0 0.0 0. 0. 3.26377409 1.45056626 4.71434035 
2118 -0.29126317013719927 -12.547815335828943 0.0 0.0 0.0 0.0 0.0704048633408196 0.0704048633408196 0 0.0 0. 0. 3.16821885 1.40809727 4.57631612 
2119 -0.30201143728788793 -12.849826773116831 0.0 0.0 0.0 0.0 0.06815136074959363 0.06815136074959363 0 0.0 0. 0. 3.06681123 1.36302721 4.42983845 
2120 -0.30879244564209785 -13.158619218758929 0.0 0.0 0.0 0.0 0.06584636654146123 0.06584636654146123 0 0.0 0. 0. 2.96308649 1.31692733 4.28001383 
2121 -0.31140092465790303 -13.470020143416832 0.0 0.0 0.0 0.0 0.06356999445423234 0.06356999445423234 0 0.0 0. 0. 2.86064975 1.27139989 4.13204964 
2122 -0.309758287621662 -13.779778431038494 0.0 0.0 0.0 0.0 0.06140147804851914 0.06140147804851914 0 0.0 0. 0. 2.76306651 1.22802956 3.99109607 
2123 -0.3039150315736947 -14.083693462612189 0.0 0.0 0.0 0.0 0.05941676455639833 0.05941676455639833 0 0.0 0. 0. 2.67375441 1.18833529 3.8620897 
2124 -0.2940492135666659 -14.377742676178855 0.0 0.0 0.0 0.0 0.05768620841765704 0.05768620841765704 0 0.0 0. 0. 2.59587938 1.15372417 3.74960355 
2125 -0.28046104974902164 -14.658203725927876 0.0 0.0 0.0 0.0 0.056272434605112776 0.056272434605112776 0 0.0 0. 0. 2.53225956 1.12544869 3.65770825 
2126 -0.2635638015420909 -14.921767527469967 0.0 0.0 0.0 0.0 0.05522843667907934 0.05522843667907934 0 0.0 0. 0. 2.48527965 1.10456873 3.58984838 
2127 -0.2438712259773297 -15.165638753447297 0.0 0.0 0.0 0.0 0.05459596737652933 0.05459596737652933 0 0.0 0. 0. 2.45681853 1.09191935 3.54873788 
2128 -0.2219819716362963 -15.387620725083593 0.0 0.0 0.0 0.0 0.05440427065002601 0.05440427065002601 0 0.0 0. 0. 2.44819218 1.08808541 3.53627759 
2129 -0.19856139442583753 -15.58618211950943 0.0 0.0 0.0 0.0 0.054669193694984575 0.054669193694984575 0 0.0 0. 0. 2.46011372 1.09338387 3.55349759 
2130 -0.17432134580622005 -15.76050346531565 0.0 0.0 0.0 0.0 0.05539270595646972 0.05539270595646972 0 0.0 0. 0. 2.49267177 1.10785412 3.60052589 
2131 -0.1499985476802408 -15.910502012995892 0.0 0.0 0.0 0.0 0.05656283973962678 0.05656283973962678 0 0.0 0. 0. 2.54532779 1.13125679 3.67658458 
2132 -0.12633221108728776 -16.03683422408318 0.0 0.0 0.0 0.0 0.058154054236380426 0.058154054236380426 0 0.0 0. 0. 2.61693244 1.16308108 3.78001353 
2133 -0.10404157881197307 -16.140875802895152 0.0 0.0 0.0 0.0 0.06012801191475964 0.06012801191475964 0 0.0 0. 0. 2.70576054 1.20256024 3.90832077 
2134 -0.0838040743202555 -16.224679877215408 0.0 0.0 0.0 0.0 0.06243474368689733 0.06243474368689733 0 0.0 0. 0. 2.80956347 1.24869487 4.05825834 
2135 -0.06623472100784511 -16.290914598223253 0.0 0.0 0.0 0.0 0.06501416745807093 0.06501416745807093 0 0.0 0. 0. 2.92563754 1.30028335 4.22592088 
2136 -0.05186745713911023 -16.342782055362363 0.0 0.0 0.0 0.0 0.06779791392122297 0.06779791392122297 0 0.0 0. 0. 3.05090613 1.35595828 4.4068644 
2137 -0.04113891425043903 -16.383920969612802 0.0 0.0 0.0 0.0 0.07071140412530269 0.07071140412530269 0 0.0 0. 0. 3.18201319 1.41422808 4.59624127 
2138 -0.034375151938661475 -16.418296121551464 0.0 0.0 0.0 0.0 0.07367611569513066 0.07367611569513066 0 0.0 0. 0. 3.31542521 1.47352231 4.78894752 
2139 -0.03178175211701273 -16.450077873668477 0.0 0.0 0.0 0.0 0.07661196884812554 0.07661196884812554 0 0.0 0. 0. 3.4475386 1.53223938 4.97977798 
2140 -0.033437573748983596 -16.48351544741746 0.0 0.0 0.0 0.0 0.07943975971265405 0.07943975971265405 0 0.0 0. 0. 3.57478919 1.58879519 5.16358438 
2141 -0.03929235783789409 -16.522807805255354 0.0 0.0 0.0 0.0 0.08208356701539354 0.08208356701539354 0 0.0 0. 0. 3.69376052 1.64167134 5.33543186 
2142 -0.049168255465531274 -16.571976060720885 0.0 0.0 0.0 0.0 0.0844730590137886 0.0844730590137886 0 0.0 0. 0. 3.80128766 1.68946118 5.49074884 
2143 -0.06276523246805255 -16.634741293188938 0.0 0.0 0.0 0.0 0.0865456305804771 0.0865456305804771 0 0.0 0. 0. 3.89455338 1.73091261 5.62546599 
2144 -0.07967018654284175 -16.71441147973178 0.0 0.0 0.0 0.0 0.08824830550717438 0.08824830550717438 0 0.0 0. 0. 3.97117375 1.76496611 5.73613986 
2145 -0.09936949978549592 -16.813780979517276 0.0 0.0 0.0 0.0 0.08953934622875925 0.08953934622875925 0 0.0 0. 0. 4.02927058 1.79078692 5.8200575 
2146 -0.1212646452609647 -16.93504562477824 0.0 0.0 0.0 0.0 0.09038952205828255 0.09038952205828255 0 0.0 0. 0. 4.06752849 1.80779044 5.87531893 
2147 -0.14469037342473712 -17.079735998202977 0.0 0.0 0.0 0.0 0.09078299739921286 0.09078299739921286 0 0.0 0. 0. 4.08523488 1.81565995 5.90089483 
2148 -0.16893492581544933 -17.248670924018427 0.0 0.0 0.0 0.0 0.09071781294804004 0.09071781294804004 0 0.0 0. 0. 4.08230158 1.81435626 5.89665784 
2149 -0.1932616618441898 -17.441932585862617 0.0 0.0 0.0 0.0 0.0902059452669654 0.0902059452669654 0 0.0 0. 0. 4.05926754 1.80411891 5.86338644 
2150 -0.21693144156910193 -17.65886402743172 0.0 0.0 0.0 0.0 0.08927294291728499 0.08927294291728499 0 0.0 0. 0. 4.01728243 1.78545886 5.80274129 
2151 -0.23922508437027545 -17.898089111801994 0.0 0.0 0.0 0.0 0.08795715021004746 0.08795715021004746 0 0.0 0. 0. 3.95807176 1.759143 5.71721476 
2152 -0.25946522113565607 -18.15755433293765 0.0 0.0 0.0 0.0 0.08630854216045847 0.08630854216045847 0 0.0 0. 0. 3.8838844 1.72617084 5.61005524 
2153 -0.27703687599438354 -18.434591208932034 0.0 0.0 0.0 0.0 0.0843872060458466 0.0843872060458466 0 0.0 0. 0. 3.79742427 1.68774412 5.48516839 
2154 -0.2914061522358793 -18.725997361167913 0.0 0.0 0.0 0.0 0.08226151570471057 0.08226151570471057 0 0.0 0. 0. 3.70176821 1.64523031 5.34699852 
2155 -0.3021364546562495 -19.028133815824162 0.0 0.0 0.0 0.0 0.08000605405020844 0.08000605405020844 0 0.0 0. 0. 3.60027243 1.60012108 5.20039351 
2156 -0.30890175542657516 -19.337035571250738 0.0 0.0 0.0 0.0 0.07769934692180519 0.07769934692180519 0 0.0 0. 0. 3.49647061 1.55398694 5.05045755 
2157 -0.3114965004098167 -19.648532071660554 0.0 0.0 0.0 0.0 0.07542147713111219 0.07542147713111219 0 0.0 0. 0. 3.39396647 1.50842954 4.90239601 
2158 -0.3098418549290045 -19.95837392658956 0.0 0.0 0.0 0.0 0.07325165119821025 0.07325165119821025 0 0.0 0. 0. 3.2963243 1.46503302 4.76135733 
2159 -0.30398809921598513 -20.262362025805544 0.0 0.0 0.0 0.0 0.07126579271210598 0.07126579271210598 0 0.0 0. 0. 3.20696067 1.42531585 4.63227653 
2160 -0.29411310075556685 -20.55647512656111 0.0 0.0 0.0 0.0 0.06953423544010479 0.06953423544010479 0 0.0 0. 0. 3.12904059 1.39068471 4.5197253 
2161 -0.2805169099461864 -20.836992036507297 0.0 0.0 0.0 0.0 0.06811958627990122 0.06811958627990122 0 0.0 0. 0. 3.06538138 1.36239173 4.42777311 
2162 -0.2636126432846595 -21.100604679791957 0.0 0.0 0.0 0.0 0.06707482298769796 0.06707482298769796 0 0.0 0. 0. 3.01836703 1.34149646 4.35986349 
2163 -0.24391393108641068 -21.344518610878367 0.0 0.0 0.0 0.0 0.06644168448204452 0.06644168448204452 0 0.0 0. 0. 2.9898758 1.32883369 4.31870949 
2164 -0.22201931113824003 -21.566537922016607 0.0 0.0 0.0 0.0 0.06624940263326629 0.06624940263326629 0 0.0 0. 0. 2.98122312 1.32498805 4.30621117 
2165 -0.19859404247279144 -21.7651319644894 0.0 0.0 0.0 0.0 0.06651381407259188 0.06651381407259188 0 0.0 0. 0. 2.99312163 1.33027628 4.32339791 
2166 -0.17434989184755523 -21.939481856336954 0.0 0.0 0.0 0.0 0.0672368790082235 0.0672368790082235 0 0.0 0. 0. 3.02565956 1.34473758 4.37039714 
2167 -0.15002350710528845 -22.089505363442242 0.0 0.0 0.0 0.0 0.06840662166898015 0.06840662166898015 0 0.0 0. 0. 3.07829798 1.36813243 4.44643041 
2168 -0.12635403452998162 -22.215859397972224 0.0 0.0 0.0 0.0 0.06999749418520962 0.06999749418520962 0 0.0 0. 0. 3.14988724 1.39994988 4.54983712 
2169 -0.10406066028724581 -22.31992005825947 0.0 0.0 0.0 0.0 0.07197115285059508 0.07197115285059508 0 0.0 0. 0. 3.23870188 1.43942306 4.67812494 
2170 -0.08382075833759473 -22.403740816597065 0.0 0.0 0.0 0.0 0.07427762317869574 0.07427762317869574 0 0.0 0. 0. 3.34249304 1.48555246 4.82804551 
2171 -0.06624930879166868 -22.469990125388733 0.0 0.0 0.0 0.0 0.07685681835449859 0.07685681835449859 0 0.0 0. 0. 3.45855683 1.53713637 4.99569319 
2172 -0.051880212066919285 -22.521870337455653 0.0 0.0 0.0 0.0 0.07964036494373694 0.07964036494373694 0 0.0 0. 0. 3.58381642 1.5928073 5.17662372 
2173 -0.04115006660811105 -22.563020404063764 0.0 0.0 0.0 0.0 0.08255368038670469 0.08255368038670469 0 0.0 0. 0. 3.71491562 1.65107361 5.36598923 
2174 -0.0343849030782053 -22.59740530714197 0.0 0.0 0.0 0.0 0.0855182391529708 0.0855182391529708 0 0.0 0. 0. 3.84832076 1.71036478 5.55868554 
2175 -0.03179027809215995 -22.62919558523413 0.0 0.0 0.0 0.0 0.08845395870112893 0.08845395870112893 0 0.0 0. 0. 3.98042814 1.76907917 5.74950732 
2176 -0.03344502849319042 -22.66264061372732 0.0 0.0 0.0 0.0 0.09128163274736462 0.09128163274736462 0 0.0 0. 0. 4.10767347 1.82563265 5.93330613 
2177 -0.039298875944041356 -22.70193948967136 0.0 0.0 0.0 0.0 0.09392533790923818 0.09392533790923818 0 0.0 0. 0. 4.22664021 1.87850676 6.10514696 
2178 -0.049173954615923776 -22.751113444287284 0.0 0.0 0.0 0.0 0.09631474060007134 0.09631474060007134 0 0.0 0. 0. 4.33416333 1.92629481 6.26045814 
2179 -0.06277021555882811 -22.813883659846113 0.0 0.0 0.0 0.0 0.09838723408008954 0.09838723408008954 0 0.0 0. 0. 4.42742553 1.96774468 6.39517022 
2180 -0.07967454354206893 -22.89355820338818 0.0 0.0 0.0 0.0 0.10008984073117633 0.10008984073117633 0 0.0 0. 0. 4.50404283 2.00179681 6.50583965 
2181 -0.099373309357361 -22.992931512745542 0.0 0.0 0.0 0.0 0.10138082175551688 0.10138082175551688 0 0.0 0. 0. 4.56213698 2.02761644 6.58975341 
2182 -0.12126797618600449 -23.114199488931547 0.0 0.0 0.0 0.0 0.10223094538834882 0.10223094538834882 0 0.0 0. 0. 4.60039254 2.04461891 6.64501145 
2183 -0.14469328584164032 -23.258892774773187 0.0 0.0 0.0 0.0 0.10262437509074862 0.10262437509074862 0 0.0 0. 0. 4.61809688 2.0524875 6.67058438 
2184 -0.16893747230693634 -23.427830247080124 0.0 0.0 0.0 0.0 0.10255915073521676 0.10255915073521676 0 0.0 0. 0. 4.61516178 2.05118301 6.6663448 
2185 -0.19326388838629782 -23.62109413546642 0.0 0.0 0.0 0.0 0.10204724816349525 0.10204724816349525 0 0.0 0. 0. 4.59212617 2.04094496 6.63307113 
2186 -0.2169333883612694 -23.83802752382769 0.0 0.0 0.0 0.0 0.10111421530694203 0.10111421530694203 0 0.0 0. 0. 4.55013969 2.02228431 6.57242399 
2187 -0.23922678656123253 -24.077254310388923 0.0 0.0 0.0 0.0 0.09979839592581213 0.09979839592581213 0 0.0 0. 0. 4.49092782 1.99596792 6.48689574 
2188 -0.25946670945791084 -24.336721019846834 0.0 0.0 0.0 0.0 0.0981497645537231 0.0981497645537231 0 0.0 0. 0. 4.4167394 1.96299529 6.3797347 
2189 -0.27703817731907066 -24.613759197165905 0.0 0.0 0.0 0.0 0.096228408046925 0.096228408046925 0 0.0 0. 0. 4.33027836 1.92456816 6.25484652 
2190 -0.29140729005791854 -24.905166487223823 0.0 0.0 0.0 0.0 0.09410269987574416 0.09410269987574416 0 0.0 0. 0. 4.23462149 1.882054 6.11667549 
2191 -0.30213744951868193 -25.207303936742505 0.0 0.0 0.0 0.0 0.09184722263142026 0.09184722263142026 0 0.0 0. 0. 4.13312502 1.83694445 5.97006947 
2192 -0.308902625291239 -25.516206562033744 0.0 0.0 0.0 0.0 0.08954050187195273 0.08954050187195273 0 0.0 0. 0. 4.02932258 1.79081004 5.82013262 
2193 -0.3114972609819233 -25.827703823015668 0.0 0.0 0.0 0.0 0.08726262016284403 0.08726262016284403 0 0.0 0. 0. 3.92681791 1.7452524 5.67207031 
2194 -0.30984251994038914 -26.137546342956057 0.0 0.0 0.0 0.0 0.08509278380899504 0.08509278380899504 0 0.0 0. 0. 3.82917527 1.70185568 5.53103095 
2195 -0.30398868067317153 -26.44153502362923 0.0 0.0 0.0 0.0 0.08310691621126604 0.08310691621126604 0 0.0 0. 0. 3.73981123 1.66213832 5.40194955 
2196 -0.29411360915668183 -26.73564863278591 0.0 0.0 0.0 0.0 0.08137535097245052 0.08137535097245052 0 0.0 0. 0. 3.66189079 1.62750702 5.28939781 
2197 -0.28051735447007786 -27.016165987255988 0.0 0.0 0.0 0.0 0.07996069484641294 0.07996069484641294 0 0.0 0. 0. 3.59823127 1.5992139 5.19744517 
2198 -0.2636130319572203 -27.27977901921321 0.0 0.0 0.0 0.0 0.07891592546358117 0.07891592546358117 0 0.0 0. 0. 3.55121665 1.57831851 5.12953516 
2199 -0.2439142709248472 -27.523693290138056 0.0 0.0 0.0 0.0 0.07828278163254887 0.07828278163254887 0 0.0 0. 0. 3.52272517 1.56565563 5.08838081 
2200 -0.2220196082782877 -27.745712898416343 0.0 0.0 0.0 0.0 0.07809049512748822 0.07809049512748822 0 0.0 0. 0. 3.51407228 1.5618099 5.07588218 
2201 -0.19859430227921848 -27.94430720069556 0.0 0.0 0.0 0.0 0.07835490249556143 0.07835490249556143 0 0.0 0. 0. 3.52597061 1.56709805 5.09306866 
2202 -0.17435011901108055 -28.118657319706642 0.0 0.0 0.0 0.0 0.0790779638714657 0.0790779638714657 0 0.0 0. 0. 3.55850837 1.58155928 5.14006765 
2203 -0.1500237057272784 -28.26868102543392 0.0 0.0 0.0 0.0 0.08024770341975007 0.08024770341975007 0 0.0 0. 0. 3.61114665 1.60495407 5.21610072 
2204 -0.1263542081964033 -28.395035233630324 0.0 0.0 0.0 0.0 0.08183857321457078 0.08183857321457078 0 0.0 0. 0. 3.68273579 1.63677146 5.31950726 
2205 -0.10406081213363905 -28.499096045763963 0.0 0.0 0.0 0.0 0.08381222950047384 0.08381222950047384 0 0.0 0. 0. 3.77155033 1.67624459 5.44779492 
2206 -0.08382089110557445 -28.582916936869537 0.0 0.0 0.0 0.0 0.08611869774805547 0.08611869774805547 0 0.0 0. 0. 3.8753414 1.72237395 5.59771535 
2207 -0.06624942487826502 -28.649166361747803 0.0 0.0 0.0 0.0 0.08869789110474291 0.08869789110474291 0 0.0 0. 0. 3.9914051 1.77395782 5.76536292 
2208 -0.05188031356800593 -28.70104667531581 0.0 0.0 0.0 0.0 0.09148143610342618 0.09148143610342618 0 0.0 0. 0. 4.11666462 1.82962872 5.94629335 
2209 -0.041150155356262985 -28.74219683067207 0.0 0.0 0.0 0.0 0.09439475015568133 0.09439475015568133 0 0.0 0. 0. 4.24776376 1.887895 6.13565876 
2210 -0.03438498067578166 -28.776581811347853 0.0 0.0 0.0 0.0 0.09735930770596757 0.09735930770596757 0 0.0 0. 0. 4.38116885 1.94718615 6.328355 
2211 -0.0317903459400668 -28.80837215728792 0.0 0.0 0.0 0.0 0.10029502619092778 0.10029502619092778 0 0.0 0. 0. 4.51327618 2.00590052 6.5191767 
2212 -0.033445087816517116 -28.841817245104437 0.0 0.0 0.0 0.0 0.10312269930754647 0.10312269930754647 0 0.0 0. 0. 4.64052147 2.06245399 6.70297545 
2213 -0.03929892781377475 -28.88111617291821 0.0 0.0 0.0 0.0 0.10576640365660461 0.10576640365660461 0 0.0 0. 0. 4.75948816 2.11532807 6.87481624 
2214 -0.049173999968616044 -28.930290172886828 0.0 0.0 0.0 0.0 0.10815580563674543 0.10815580563674543 0 0.0 0. 0. 4.86701125 2.16311611 7.03012737 
2215 -0.06277025521319501 -28.993060428100023 0.0 0.0 0.0 0.0 0.1102282984953682 0.1102282984953682 0 0.0 0. 0. 4.96027343 2.20456597 7.1648394 
2216 -0.07967457821422386 -29.072735006314247 0.0 0.0 0.0 0.0 0.11193090460312904 0.11193090460312904 0 0.0 0. 0. 5.03689071 2.23861809 7.2755088 
2217 -0.09937333967314999 -29.172108345987397 0.0 0.0 0.0 0.0 0.11322188515241194 0.11322188515241194 0 0.0 0. 0. 5.09498483 2.2644377 7.35942253 
2218 -0.12126800269277282 -29.29337634868017 0.0 0.0 0.0 0.0 0.11407200836987519 0.11407200836987519 0 0.0 0. 0. 5.13324038 2.28144017 7.41468054 
2219 -0.14469330901806643 -29.438069657698236 0.0 0.0 0.0 0.0 0.11446543770909168 0.11446543770909168 0 0.0 0. 0. 5.1509447 2.28930875 7.44025345 
2220 -0.1689374925713878 -29.607007150269624 0.0 0.0 0.0 0.0 0.11440021303600945 0.11440021303600945 0 0.0 0. 0. 5.14800959 2.28800426 7.43601385 
2221 -0.1932639061046757 -29.8002710563743 0.0 0.0 0.0 0.0 0.1138883101866347 0.1138883101866347 0 0.0 0. 0. 5.12497396 2.2777662 7.40274016 
2222 -0.21693340385348847 -30.017204460227788 0.0 0.0 0.0 0.0 0.11295527708731268 0.11295527708731268 0 0.0 0. 0. 5.08298747 2.25910554 7.34209301 
2223 -0.23922680010690556 -30.256431260334693 0.0 0.0 0.0 0.0 0.11163945749391879 0.11163945749391879 0 0.0 0. 0. 5.02377559 2.23278915 7.25656474 
2224 -0.2594667213016919 -30.515897981636385 0.0 0.0 0.0 0.0 0.10999082593623322 0.10999082593623322 0 0.0 0. 0. 4.94958717 2.19981652 7.14940369 
2225 -0.277038187674691 -30.792936169311076 0.0 0.0 0.0 0.0 0.10806946926716043 0.10806946926716043 0 0.0 0. 0. 4.86312612 2.16138939 7.0245155 
2226 -0.2914072991124499 -31.084343468423526 0.0 0.0 0.0 0.0 0.10594376095409153 0.10594376095409153 0 0.0 0. 0. 4.76746924 2.11887522 6.88634446 
2227 -0.30213745743560594 -31.386480925859132 0.0 0.0 0.0 0.0 0.10368828358570625 0.10368828358570625 0 0.0 0. 0. 4.66597276 2.07376567 6.73973843 
2228 -0.30890263221346004 -31.695383558072592 0.0 0.0 0.0 0.0 0.10138156271776522 0.10138156271776522 0 0.0 0. 0. 4.56217032 2.02763125 6.58980158 
2229 -0.31149726703444003 -32.00688082510703 0.0 0.0 0.0 0.0 0.09910368091381105 0.09910368091381105 0 0.0 0. 0. 4.45966564 1.98207362 6.44173926 
2230 -0.30984252523239775 -32.31672335033943 0.0 0.0 0.0 0.0 0.09693384447703546 0.09693384447703546 0 0.0 0. 0. 4.362023 1.93867689 6.30069989 
2231 -0.30398868530028267 -32.62071203563971 0.0 0.0 0.0 0.0 0.09494797680679812 0.09494797680679812 0 0.0 0. 0. 4.27265896 1.89895954 6.17161849 
2232 -0.2941136132023985 -32.91482564884211 0.0 0.0 0.0 0.0 0.09321641150458537 0.09321641150458537 0 0.0 0. 0. 4.19473852 1.86432823 6.05906675 
2233 -0.2805173580075575 -33.19534300684967 0.0 0.0 0.0 0.0 0.09180175532311274 0.09180175532311274 0 0.0 0. 0. 4.13107899 1.83603511 5.9671141 
2234 -0.2636130350501844 -33.45895604189985 0.0 0.0 0.0 0.0 0.09075698589181425 0.09075698589181425 0 0.0 0. 0. 4.08406437 1.81513972 5.89920408 
2235 -0.24391427362922968 -33.70287031552908 0.0 0.0 0.0 0.0 0.09012384201840296 0.09012384201840296 0 0.0 0. 0. 4.05557289 1.80247684 5.85804973 
2236 -0.22201961064286024 -33.92488992617194 0.0 0.0 0.0 0.0 0.08993155547628906 0.08993155547628906 0 0.0 0. 0. 4.04692 1.79863111 5.84555111 
2237 -0.1985943043467273 -34.12348423051867 0.0 0.0 0.0 0.0 0.09019596281196318 0.09019596281196318 0 0.0 0. 0. 4.05881833 1.80391926 5.86273758 
2238 -0.17435012081881496 -34.297834351337485 0.0 0.0 0.0 0.0 0.09091902415953967 0.09091902415953967 0 0.0 0. 0. 4.09135609 1.81838048 5.90973657 
2239 -0.15002370730780967 -34.447858058645295 0.0 0.0 0.0 0.0 0.09208876368305818 0.09208876368305818 0 0.0 0. 0. 4.14399437 1.84177527 5.98576964 
2240 -0.12635420957843735 -34.57421226822373 0.0 0.0 0.0 0.0 0.09367963345622021 0.09367963345622021 0 0.0 0. 0. 4.21558351 1.87359267 6.08917617 
2241 -0.1040608133419596 -34.67827308156569 0.0 0.0 0.0 0.0 0.09565328972318998 0.09565328972318998 0 0.0 0. 0. 4.30439804 1.91306579 6.21746383 
2242 -0.08382089216212307 -34.762093973727815 0.0 0.0 0.0 0.0 0.09795975795421408 0.09795975795421408 0 0.0 0. 0. 4.40818911 1.95919516 6.36738427 
2243 -0.06624942580202742 -34.82834339952984 0.0 0.0 0.0 0.0 0.10053895129642687 0.10053895129642687 0 0.0 0. 0. 4.52425281 2.01077903 6.53503183 
2244 -0.05188031437569407 -34.880223713905536 0.0 0.0 0.0 0.0 0.10332249628245349 0.10332249628245349 0 0.0 0. 0. 4.64951233 2.06644993 6.71596226 
2245 -0.041150156062542464 -34.92137386996808 0.0 0.0 0.0 0.0 0.1062358103236396 0.1062358103236396 0 0.0 0. 0. 4.78061146 2.12471621 6.90532767 
2246 -0.03438498129327172 -34.95575885126135 0.0 0.0 0.0 0.0 0.10920036786425036 0.10920036786425036 0 0.0 0. 0. 4.91401655 2.18400736 7.09802391 
2247 -0.031790346480022436 -34.98754919774137 0.0 0.0 0.0 0.0 0.11213608634074845 0.11213608634074845 0 0.0 0. 0. 5.04612389 2.24272173 7.28884561 
2248 -0.03344508828860171 -35.020994286029975 0.0 0.0 0.0 0.0 0.11496375944997006 0.11496375944997006 0 0.0 0. 0. 5.17336918 2.29927519 7.47264436 
2249 -0.03929892822651482 -35.06029321425649 0.0 0.0 0.0 0.0 0.11760746379256104 0.11760746379256104 0 0.0 0. 0. 5.29233587 2.35214928 7.64448515 
2250 -0.04917400032951491 -35.109467214586005 0.0 0.0 0.0 0.0 0.11999686576704593 0.11999686576704593 0 0.0 0. 0. 5.39985896 2.39993732 7.79979627 
2251 -0.06277025552878968 -35.172237470114794 0.0 0.0 0.0 0.0 0.12206935862072255 0.12206935862072255 0 0.0 0. 0. 5.49312114 2.44138717 7.93450831 
2252 -0.07967457849008497 -35.25191204860488 0.0 0.0 0.0 0.0 0.12377196472416219 0.12377196472416219 0 0.0 0. 0. 5.56973841 2.47543929 8.04517771 
2253 -0.09937333991439345 -35.35128538851927 0.0 0.0 0.0 0.0 0.12506294526966388 0.12506294526966388 0 0.0 0. 0. 5.62783254 2.50125891 8.12909144 
2254 -0.12126800290371875 -35.47255339142299 0.0 0.0 0.0 0.0 0.1259130684838211 0.1259130684838211 0 0.0 0. 0. 5.66608808 2.51826137 8.18434945 
2255 -0.14469330920252332 -35.617246700625515 0.0 0.0 0.0 0.0 0.1263064978201468 0.1263064978201468 0 0.0 0. 0. 5.6837924 2.52612996 8.20992236 
2256 -0.16893749273265257 -35.78618419335817 0.0 0.0 0.0 0.0 0.12624127314453804 0.12624127314453804 0 0.0 0. 0. 5.68085729 2.52482546 8.20568275 
2257 -0.19326390624559053 -35.97944809960376 0.0 0.0 0.0 0.0 0.12572937029295694 0.12572937029295694 0 0.0 0. 0. 5.65782166 2.51458741 8.17240907 
2258 -0.21693340397678185 -36.19638150358054 0.0 0.0 0.0 0.0 0.12479633719170102 0.12479633719170102 0 0.0 0. 0. 5.61583517 2.49592674 8.11176192 
2259 -0.23922680021468068 -36.43560830379522 0.0 0.0 0.0 0.0 0.12348051759661871 0.12348051759661871 0 0.0 0. 0. 5.55662329 2.46961035 8.02623364 
2260 -0.2594667213959383 -36.69507502519116 0.0 0.0 0.0 0.0 0.1218318860374561 0.1218318860374561 0 0.0 0. 0. 5.48243487 2.43663772 7.91907259 
2261 -0.2770381877571708 -36.97211321294833 0.0 0.0 0.0 0.0 0.11991052936708935 0.11991052936708935 0 0.0 0. 0. 5.39597382 2.39821059 7.79418441 
2262 -0.2914072991844705 -37.2635205121328 0.0 0.0 0.0 0.0 0.1177848210528939 0.1177848210528939 0 0.0 0. 0. 5.30031695 2.35569642 7.65601337 
2263 -0.30213745749858845 -37.56565796963139 0.0 0.0 0.0 0.0 0.11552934368352141 0.11552934368352141 0 0.0 0. 0. 5.19882047 2.31058687 7.50940734 
2264 -0.3089026322685413 -37.87456060189993 0.0 0.0 0.0 0.0 0.11322262281471707 0.11322262281471707 0 0.0 0. 0. 5.09501803 2.26445246 7.35947048 
2265 -0.31149726708252956 -38.18605786898246 0.0 0.0 0.0 0.0 0.11094474101001073 0.11094474101001073 0 0.0 0. 0. 4.99251335 2.21889482 7.21140817 
2266 -0.30984252527457556 -38.495900394257035 0.0 0.0 0.0 0.0 0.10877490457257155 0.10877490457257155 0 0.0 0. 0. 4.89487071 2.17549809 7.0703688 
2267 -0.3039886853371172 -38.79988907959415 0.0 0.0 0.0 0.0 0.10678903690175767 0.10678903690175767 0 0.0 0. 0. 4.80550666 2.13578074 6.9412874 
2268 -0.2941136132346287 -39.09400269282878 0.0 0.0 0.0 0.0 0.10505747159903966 0.10505747159903966 0 0.0 0. 0. 4.72758622 2.10114943 6.82873565 
2269 -0.280517358035695 -39.374520050864476 0.0 0.0 0.0 0.0 0.10364281541712683 0.10364281541712683 0 0.0 0. 0. 4.66392669 2.07285631 6.736783 
2270 -0.26361303507474076 -39.63813308593922 0.0 0.0 0.0 0.0 0.10259804598544464 0.10259804598544464 0 0.0 0. 0. 4.61691207 2.05196092 6.66887299 
2271 -0.24391427365077334 -39.88204735958999 0.0 0.0 0.0 0.0 0.10196490211169396 0.10196490211169396 0 0.0 0. 0. 4.5884206 2.03929804 6.62771864 
2272 -0.22201961066167542 -40.104066970251665 0.0 0.0 0.0 0.0 0.10177261556928585 0.10177261556928585 0 0.0 0. 0. 4.5797677 2.03545231 6.61522001 
2273 -0.19859430436315506 -40.30266127461482 0.0 0.0 0.0 0.0 0.10203702290470307 0.10203702290470307 0 0.0 0. 0. 4.59166603 2.04074046 6.63240649 
2274 -0.17435012083319634 -40.47701139544802 0.0 0.0 0.0 0.0 0.10276008425205374 0.10276008425205374 0 0.0 0. 0. 4.62420379 2.05520169 6.67940548 
2275 -0.15002370732037207 -40.62703510276839 0.0 0.0 0.0 0.0 0.10392982377537552 0.10392982377537552 0 0.0 0. 0. 4.67684207 2.07859648 6.75543855 
2276 -0.12635420958946497 -40.753389312357854 0.0 0.0 0.0 0.0 0.10552069354836413 0.10552069354836413 0 0.0 0. 0. 4.74843121 2.11041387 6.85884508 
2277 -0.10406081335162298 -40.85745012570948 0.0 0.0 0.0 0.0 0.10749434981518191 0.10749434981518191 0 0.0 0. 0. 4.83724574 2.149887 6.98713274 
2278 -0.0838208921705359 -40.94127101788001 0.0 0.0 0.0 0.0 0.109800818046075 0.109800818046075 0 0.0 0. 0. 4.94103681 2.19601636 7.13705317 
2279 -0.06624942580941706 -41.00752044368943 0.0 0.0 0.0 0.0 0.11238001138817111 0.11238001138817111 0 0.0 0. 0. 5.05710051 2.24760023 7.30470074 
2280 -0.051880314382117376 -41.05940075807155 0.0 0.0 0.0 0.0 0.11516355637409792 0.11516355637409792 0 0.0 0. 0. 5.18236004 2.30327113 7.48563116 
2281 -0.04115015606816996 -41.10055091413972 0.0 0.0 0.0 0.0 0.11807687041519577 0.11807687041519577 0 0.0 0. 0. 5.31345917 2.36153741 7.67499658 
2282 -0.0343849812982171 -41.134935895437934 0.0 0.0 0.0 0.0 0.12104142795572836 0.12104142795572836 0 0.0 0. 0. 5.44686426 2.42082856 7.86769282 
2283 -0.03179034648428569 -41.16672624192222 0.0 0.0 0.0 0.0 0.12397714643216096 0.12397714643216096 0 0.0 0. 0. 5.57897159 2.47954293 8.05851452 
2284 -0.033445088292353375 -41.20017133021457 0.0 0.0 0.0 0.0 0.12680481954132328 0.12680481954132328 0 0.0 0. 0. 5.70621688 2.53609639 8.24231327 
2285 -0.039298928229811736 -41.239470258444385 0.0 0.0 0.0 0.0 0.1294485238838623 0.1294485238838623 0 0.0 0. 0. 5.82518357 2.58897048 8.41415405 
2286 -0.049174000332413925 -41.2886442587768 0.0 0.0 0.0 0.0 0.13183792585830134 0.13183792585830134 0 0.0 0. 0. 5.93270666 2.63675852 8.56946518 
2287 -0.06277025553129079 -41.35141451430809 0.0 0.0 0.0 0.0 0.1339104187119392 0.1339104187119392 0 0.0 0. 0. 6.02596884 2.67820837 8.70417722 
2288 -0.07967457849224502 -41.431089092800335 0.0 0.0 0.0 0.0 0.13561302481534576 0.13561302481534576 0 0.0 0. 0. 6.10258612 2.7122605 8.81484661 
2289 -0.09937333991632613 -41.53046243271666 0.0 0.0 0.0 0.0 0.13690400536081637 0.13690400536081637 0 0.0 0. 0. 6.16068024 2.73808011 8.89876035 
2290 -0.12126800290542405 -41.651730435622085 0.0 0.0 0.0 0.0 0.13775412857494662 0.13775412857494662 0 0.0 0. 0. 6.19893579 2.75508257 8.95401836 
2291 -0.14469330920400125 -41.796423744826086 0.0 0.0 0.0 0.0 0.13814755791124933 0.13814755791124933 0 0.0 0. 0. 6.21664011 2.76295116 8.97959126 
2292 -0.16893749273390313 -41.96536123755999 0.0 0.0 0.0 0.0 0.1380823332356218 0.1380823332356218 0 0.0 0. 0. 6.213705 2.76164666 8.97535166 
2293 -0.1932639062467274 -42.15862514380672 0.0 0.0 0.0 0.0 0.13757043038402195 0.13757043038402195 0 0.0 0. 0. 6.19066937 2.75140861 8.94207797 
2294 -0.21693340397774818 -42.375558547784465 0.0 0.0 0.0 0.0 0.1366373972827516 0.1366373972827516 0 0.0 0. 0. 6.14868288 2.73274795 8.88143082 
2295 -0.23922680021559017 -42.614785348000055 0.0 0.0 0.0 0.0 0.13532157768765363 0.13532157768765363 0 0.0 0. 0. 6.089471 2.70643155 8.79590255 
2296 -0.2594667213966204 -42.874252069396675 0.0 0.0 0.0 0.0 0.13367294612848268 0.13367294612848268 0 0.0 0. 0. 6.01528258 2.67345892 8.6887415 
2297 -0.2770381877577961 -43.15129025715447 0.0 0.0 0.0 0.0 0.1317515894581055 0.1317515894581055 0 0.0 0. 0. 5.92882153 2.63503179 8.56385331 
2298 -0.2914072991850958 -43.44269755633957 0.0 0.0 0.0 0.0 0.12962588114389872 0.12962588114389872 0 0.0 0. 0. 5.83316465 2.59251762 8.42568227 
2299 -0.30213745749910004 -43.74483501383867 0.0 0.0 0.0 0.0 0.1273704037745188 0.1273704037745188 0 0.0 0. 0. 5.73166817 2.54740808 8.27907625 
2300 -0.30890263226899606 -44.05373764610766 0.0 0.0 0.0 0.0 0.12506368290570713 0.12506368290570713 0 0.0 0. 0. 5.62786573 2.50127366 8.12913939 
2301 -0.31149726708292746 -44.36523491319059 0.0 0.0 0.0 0.0 0.12278580110099457 0.12278580110099457 0 0.0 0. 0. 5.52536105 2.45571602 7.98107707 
2302 -0.3098425252749166 -44.67507743846551 0.0 0.0 0.0 0.0 0.12061596466355029 0.12061596466355029 0 0.0 0. 0. 5.42771841 2.41231929 7.8400377 
2303 -0.3039886853374014 -44.97906612380291 0.0 0.0 0.0 0.0 0.1186300969927323 0.1186300969927323 0 0.0 0. 0. 5.33835436 2.37260194 7.7109563 
2304 -0.2941136132349129 -45.27317973703782 0.0 0.0 0.0 0.0 0.11689853169000886 0.11689853169000886 0 0.0 0. 0. 5.26043393 2.33797063 7.59840456 
2305 -0.28051735803592237 -45.553697095073744 0.0 0.0 0.0 0.0 0.11548387550809314 0.11548387550809314 0 0.0 0. 0. 5.1967744 2.30967751 7.50645191 
2306 -0.2636130350749113 -45.817310130148655 0.0 0.0 0.0 0.0 0.11443910607640873 0.11443910607640873 0 0.0 0. 0. 5.14975977 2.28878212 7.43854189 
2307 -0.24391427365094387 -46.0612244037996 0.0 0.0 0.0 0.0 0.11380596220265504 0.11380596220265504 0 0.0 0. 0. 5.1212683 2.27611924 7.39738754 
2308 -0.22201961066184595 -46.283244014461445 0.0 0.0 0.0 0.0 0.11361367566024372 0.11361367566024372 0 0.0 0. 0. 5.1126154 2.27227351 7.38488892 
2309 -0.19859430436326875 -46.481838318824714 0.0 0.0 0.0 0.0 0.11387808299565993 0.11387808299565993 0 0.0 0. 0. 5.12451373 2.27756166 7.40207539 
2310 -0.17435012083331003 -46.656188439658024 0.0 0.0 0.0 0.0 0.11460114434300861 0.11460114434300861 0 0.0 0. 0. 5.1570515 2.29202289 7.44907438 
2311 -0.15002370732048576 -46.80621214697851 0.0 0.0 0.0 0.0 0.11577088386632839 0.11577088386632839 0 0.0 0. 0. 5.20968977 2.31541768 7.52510745 
2312 -0.12635420958952182 -46.93256635656803 0.0 0.0 0.0 0.0 0.11736175363931667 0.11736175363931667 0 0.0 0. 0. 5.28127891 2.34723507 7.62851399 
2313 -0.10406081335167983 -47.03662716991971 0.0 0.0 0.0 0.0 0.11933540990613356 0.11933540990613356 0 0.0 0. 0. 5.37009345 2.3867082 7.75680164 
2314 -0.0838208921705359 -47.12044806209025 0.0 0.0 0.0 0.0 0.12164187813702765 0.12164187813702765 0 0.0 0. 0. 5.47388452 2.43283756 7.90672208 
2315 -0.0662494258094739 -47.18669748789972 0.0 0.0 0.0 0.0 0.12422107147912176 0.12422107147912176 0 0.0 0. 0. 5.58994822 2.48442143 8.07436965 
2316 -0.05188031438217422 -47.238577802281895 0.0 0.0 0.0 0.0 0.12700461646504746 0.12700461646504746 0 0.0 0. 0. 5.71520774 2.54009233 8.25530007 
2317 -0.041150156068226806 -47.27972795835012 0.0 0.0 0.0 0.0 0.1299179305061442 0.1299179305061442 0 0.0 0. 0. 5.84630687 2.59835861 8.44466548 
2318 -0.03438498129827394 -47.314112939648396 0.0 0.0 0.0 0.0 0.1328824880466759 0.1328824880466759 0 0.0 0. 0. 5.97971196 2.65764976 8.63736172 
2319 -0.03179034648428569 -47.34590328613268 0.0 0.0 0.0 0.0 0.13581820652310939 0.13581820652310939 0 0.0 0. 0. 6.11181929 2.71636413 8.82818342 
2320 -0.03344508829241022 -47.37934837442509 0.0 0.0 0.0 0.0 0.1386458796322697 0.1386458796322697 0 0.0 0. 0. 6.23906458 2.77291759 9.01198218 
2321 -0.03929892822986858 -47.41864730265496 0.0 0.0 0.0 0.0 0.14128958397480762 0.14128958397480762 0 0.0 0. 0. 6.35803128 2.82579168 9.18382296 
2322 -0.04917400033235708 -47.46782130298732 0.0 0.0 0.0 0.0 0.14367898594924988 0.14367898594924988 0 0.0 0. 0. 6.46555437 2.87357972 9.33913409 
2323 -0.06277025553134763 -47.530591558518665 0.0 0.0 0.0 0.0 0.14575147880288475 0.14575147880288475 0 0.0 0. 0. 6.55881655 2.91502958 9.47384612 
2324 -0.07967457849230186 -47.61026613701097 0.0 0.0 0.0 0.0 0.1474540849062903 0.1474540849062903 0 0.0 0. 0. 6.63543382 2.9490817 9.58451552 
2325 -0.09937333991638297 -47.70963947692735 0.0 0.0 0.0 0.0 0.1487450654517597 0.1487450654517597 0 0.0 0. 0. 6.69352795 2.97490131 9.66842925 
2326 -0.12126800290542405 -47.830907479832774 0.0 0.0 0.0 0.0 0.14959518866589094 0.14959518866589094 0 0.0 0. 0. 6.73178349 2.99190377 9.72368726 
2327 -0.1446933092039444 -47.97560078903672 0.0 0.0 0.0 0.0 0.14998861800219576 0.14998861800219576 0 0.0 0. 0. 6.74948781 2.99977236 9.74926017 
2328 -0.16893749273395997 -48.14453828177068 0.0 0.0 0.0 0.0 0.149923393326565 0.149923393326565 0 0.0 0. 0. 6.7465527 2.99846787 9.74502057 
2329 -0.1932639062467274 -48.337802188017406 0.0 0.0 0.0 0.0 0.14941149047496638 0.14941149047496638 0 0.0 0. 0. 6.72351707 2.98822981 9.71174688 
2330 -0.21693340397780503 -48.55473559199521 0.0 0.0 0.0 0.0 0.1484784573736937 0.1484784573736937 0 0.0 0. 0. 6.68153058 2.96956915 9.65109973 
2331 -0.23922680021559017 -48.7939623922108 0.0 0.0 0.0 0.0 0.14716263777859695 0.14716263777859695 0 0.0 0. 0. 6.6223187 2.94325276 9.56557146 
2332 -0.25946672139667726 -49.05342911360748 0.0 0.0 0.0 0.0 0.145514006219424 0.145514006219424 0 0.0 0. 0. 6.54813028 2.91028012 9.4584104 
2333 -0.2770381877577961 -49.330467301365275 0.0 0.0 0.0 0.0 0.1435926495490477 0.1435926495490477 0 0.0 0. 0. 6.46166923 2.87185299 9.33352222 
2334 -0.2914072991850958 -49.62187460055037 0.0 0.0 0.0 0.0 0.14146694123484105 0.14146694123484105 0 0.0 0. 0. 6.36601236 2.82933882 9.19535118 
2335 -0.3021374574990432 -49.924012058049414 0.0 0.0 0.0 0.0 0.13921146386546313 0.13921146386546313 0 0.0 0. 0. 6.26451587 2.78422928 9.04874515 
2336 -0.30890263226899606 -50.23291469031841 0.0 0.0 0.0 0.0 0.13690474299665045 0.13690474299665045 0 0.0 0. 0. 6.16071343 2.73809486 8.89880829 
2337 -0.31149726708292746 -50.54441195740134 0.0 0.0 0.0 0.0 0.134626861191938 0.134626861191938 0 0.0 0. 0. 6.05820875 2.69253722 8.75074598 
2338 -0.3098425252749166 -50.854254482676254 0.0 0.0 0.0 0.0 0.1324570247544935 0.1324570247544935 0 0.0 0. 0. 5.96056611 2.6491405 8.60970661 
2339 -0.3039886853374014 -51.158243168013655 0.0 0.0 0.0 0.0 0.13047115708367574 0.13047115708367574 0 0.0 0. 0. 5.87120207 2.60942314 8.48062521 
2340 -0.2941136132348561 -51.45235678124851 0.0 0.0 0.0 0.0 0.1287395917809544 0.1287395917809544 0 0.0 0. 0. 5.79328163 2.57479184 8.36807347 
2341 -0.28051735803592237 -51.732874139284434 0.0 0.0 0.0 0.0 0.12732493559903746 0.12732493559903746 0 0.0 0. 0. 5.7296221 2.54649871 8.27612081 
2342 -0.26361303507496814 -51.9964871743594 0.0 0.0 0.0 0.0 0.12628016616735105 0.12628016616735105 0 0.0 0. 0. 5.68260748 2.52560332 8.2082108 
2343 -0.24391427365094387 -52.240401448010346 0.0 0.0 0.0 0.0 0.12564702229359836 0.12564702229359836 0 0.0 0. 0. 5.654116 2.51294045 8.16705645 
2344 -0.22201961066184595 -52.46242105867219 0.0 0.0 0.0 0.0 0.12545473575118715 0.12545473575118715 0 0.0 0. 0. 5.64546311 2.50909472 8.15455782 
2345 -0.19859430436326875 -52.66101536303546 0.0 0.0 0.0 0.0 0.12571914308660326 0.12571914308660326 0 0.0 0. 0. 5.65736144 2.51438286 8.1717443 
2346 -0.17435012083336687 -52.83536548386883 0.0 0.0 0.0 0.0 0.1264422044339497 0.1264422044339497 0 0.0 0. 0. 5.6898992 2.52884409 8.21874329 
2347 -0.15002370732048576 -52.98538919118931 0.0 0.0 0.0 0.0 0.1276119439572707 0.1276119439572707 0 0.0 0. 0. 5.74253748 2.55223888 8.29477636 
2348 -0.12635420958946497 -53.11174340077878 0.0 0.0 0.0 0.0 0.12920281373026132 0.12920281373026132 0 0.0 0. 0. 5.81412662 2.58405627 8.39818289 
2349 -0.10406081335167983 -53.21580421413046 0.0 0.0 0.0 0.0 0.13117646999707677 0.13117646999707677 0 0.0 0. 0. 5.90294115 2.6235294 8.52647055 
2350 -0.08382089217059274 -53.29962510630105 0.0 0.0 0.0 0.0 0.13348293822796897 0.13348293822796897 0 0.0 0. 0. 6.00673222 2.66965876 8.67639098 
2351 -0.0662494258094739 -53.365874532110524 0.0 0.0 0.0 0.0 0.13606213157006397 0.13606213157006397 0 0.0 0. 0. 6.12279592 2.72124263 8.84403855 
2352 -0.05188031438217422 -53.4177548464927 0.0 0.0 0.0 0.0 0.13884567655598978 0.13884567655598978 0 0.0 0. 0. 6.24805545 2.77691353 9.02496898 
2353 -0.04115015606816996 -53.45890500256087 0.0 0.0 0.0 0.0 0.14175899059708874 0.14175899059708874 0 0.0 0. 0. 6.37915458 2.83517981 9.21433439 
2354 -0.03438498129827394 -53.49328998385914 0.0 0.0 0.0 0.0 0.14472354813761923 0.14472354813761923 0 0.0 0. 0. 6.51255967 2.89447096 9.40703063 
2355 -0.03179034648428569 -53.52508033034343 0.0 0.0 0.0 0.0 0.14765926661405293 0.14765926661405293 0 0.0 0. 0. 6.644667 2.95318533 9.59785233 
2356 -0.03344508829241022 -53.55852541863584 0.0 0.0 0.0 0.0 0.15048693972321292 0.15048693972321292 0 0.0 0. 0. 6.77191229 3.00973879 9.78165108 
2357 -0.03929892822986858 -53.59782434686571 0.0 0.0 0.0 0.0 0.15313064406575094 0.15313064406575094 0 0.0 0. 0. 6.89087898 3.06261288 9.95349186 
2358 -0.04917400033235708 -53.646998347198064 0.0 0.0 0.0 0.0 0.15552004604019332 0.15552004604019332 0 0.0 0. 0. 6.99840207 3.11040092 10.10880299 
2359 -0.06277025553134763 -53.70976860272941 0.0 0.0 0.0 0.0 0.15759253889382796 0.15759253889382796 0 0.0 0. 0. 7.09166425 3.15185078 10.24351503 
2360 -0.07967457849230186 -53.78944318122171 0.0 0.0 0.0 0.0 0.15929514499723352 0.15929514499723352 0 0.0 0. 0. 7.16828152 3.1859029 10.35418442 
2361 -0.09937333991632613 -53.88881652113804 0.0 0.0 0.0 0.0 0.16058612554270513 0.16058612554270513 0 0.0 0. 0. 7.22637565 3.21172251 10.43809816 
2362 -0.12126800290542405 -54.010084524043464 0.0 0.0 0.0 0.0 0.16143624875683527 0.16143624875683527 0 0.0 0. 0. 7.26463119 3.22872498 10.49335617 
2363 -0.1446933092039444 -54.15477783324741 0.0 0.0 0.0 0.0 0.1618296780931403 0.1618296780931403 0 0.0 0. 0. 7.28233551 3.23659356 10.51892908 
2364 -0.16893749273395997 -54.32371532598137 0.0 0.0 0.0 0.0 0.16176445341750934 0.16176445341750934 0 0.0 0. 0. 7.2794004 3.23528907 10.51468947 
2365 -0.19326390624678425 -54.51697923222815 0.0 0.0 0.0 0.0 0.1612525505659086 0.1612525505659086 0 0.0 0. 0. 7.25636478 3.22505101 10.48141579 
2366 -0.21693340397774818 -54.7339126362059 0.0 0.0 0.0 0.0 0.16031951746463924 0.16031951746463924 0 0.0 0. 0. 7.21437829 3.20639035 10.42076864 
2367 -0.23922680021559017 -54.97313943642149 0.0 0.0 0.0 0.0 0.15900369786954127 0.15900369786954127 0 0.0 0. 0. 7.1551664 3.18007396 10.33524036 
2368 -0.25946672139667726 -55.23260615781817 0.0 0.0 0.0 0.0 0.15735506631036844 0.15735506631036844 0 0.0 0. 0. 7.08097798 3.14710133 10.22807931 
2369 -0.27703818775785294 -55.50964434557602 0.0 0.0 0.0 0.0 0.15543370963999026 0.15543370963999026 0 0.0 0. 0. 6.99451693 3.10867419 10.10319113 
2370 -0.2914072991850958 -55.80105164476112 0.0 0.0 0.0 0.0 0.15330800132578415 0.15330800132578415 0 0.0 0. 0. 6.89886006 3.06616003 9.96502009 
2371 -0.3021374574990432 -56.10318910226016 0.0 0.0 0.0 0.0 0.15105252395640645 0.15105252395640645 0 0.0 0. 0. 6.79736358 3.02105048 9.81841406 
2372 -0.3089026322690529 -56.41209173452921 0.0 0.0 0.0 0.0 0.14874580308759167 0.14874580308759167 0 0.0 0. 0. 6.69356114 2.97491606 9.6684772 
2373 -0.31149726708292746 -56.72358900161214 0.0 0.0 0.0 0.0 0.14646792128288033 0.14646792128288033 0 0.0 0. 0. 6.59105646 2.92935843 9.52041488 
2374 -0.3098425252748598 -57.033431526887 0.0 0.0 0.0 0.0 0.14429808484543805 0.14429808484543805 0 0.0 0. 0. 6.49341382 2.8859617 9.37937551 
2375 -0.3039886853374014 -57.3374202122244 0.0 0.0 0.0 0.0 0.14231221717461895 0.14231221717461895 0 0.0 0. 0. 6.40404977 2.84624434 9.25029412 
2376 -0.2941136132348561 -57.63153382545926 0.0 0.0 0.0 0.0 0.14058065187189772 0.14058065187189772 0 0.0 0. 0. 6.32612933 2.81161304 9.13774237 
2377 -0.2805173580359792 -57.91205118349524 0.0 0.0 0.0 0.0 0.1391659956899789 0.1391659956899789 0 0.0 0. 0. 6.26246981 2.78331991 9.04578972 
2378 -0.26361303507496814 -58.175664218570205 0.0 0.0 0.0 0.0 0.13812122625829337 0.13812122625829337 0 0.0 0. 0. 6.21545518 2.76242453 8.97787971 
2379 -0.24391427365088703 -58.41957849222109 0.0 0.0 0.0 0.0 0.1374880823845428 0.1374880823845428 0 0.0 0. 0. 6.18696371 2.74976165 8.93672535 
2380 -0.22201961066184595 -58.64159810288294 0.0 0.0 0.0 0.0 0.13729579584213036 0.13729579584213036 0 0.0 0. 0. 6.17831081 2.74591592 8.92422673 
2381 -0.19859430436326875 -58.84019240724621 0.0 0.0 0.0 0.0 0.1375602031775467 0.1375602031775467 0 0.0 0. 0. 6.19020914 2.75120406 8.94141321 
2382 -0.17435012083336687 -59.01454252807957 0.0 0.0 0.0 0.0 0.13828326452489326 0.13828326452489326 0 0.0 0. 0. 6.2227469 2.76566529 8.98841219 
2383 -0.15002370732048576 -59.16456623540006 0.0 0.0 0.0 0.0 0.1394530040482138 0.1394530040482138 0 0.0 0. 0. 6.27538518 2.78906008 9.06444526 
2384 -0.12635420958952182 -59.29092044498958 0.0 0.0 0.0 0.0 0.14104387382120254 0.14104387382120254 0 0.0 0. 0. 6.34697432 2.82087748 9.1678518 
2385 -0.10406081335167983 -59.39498125834126 0.0 0.0 0.0 0.0 0.1430175300880192 0.1430175300880192 0 0.0 0. 0. 6.43578885 2.8603506 9.29613946 
2386 -0.08382089217059274 -59.478802150511854 0.0 0.0 0.0 0.0 0.14532399831891119 0.14532399831891119 0 0.0 0. 0. 6.53957992 2.90647997 9.44605989 
2387 -0.06624942580941706 -59.54505157632127 0.0 0.0 0.0 0.0 0.14790319166100852 0.14790319166100852 0 0.0 0. 0. 6.65564362 2.95806383 9.61370746 
2388 -0.05188031438217422 -59.596931890703445 0.0 0.0 0.0 0.0 0.1506867366469331 0.1506867366469331 0 0.0 0. 0. 6.78090315 3.01373473 9.79463788 
2389 -0.04115015606816996 -59.638082046771615 0.0 0.0 0.0 0.0 0.15360005068803195 0.15360005068803195 0 0.0 0. 0. 6.91200228 3.07200101 9.98400329 
2390 -0.03438498129827394 -59.67246702806989 0.0 0.0 0.0 0.0 0.15656460822856277 0.15656460822856277 0 0.0 0. 0. 7.04540737 3.13129216 10.17669953 
2391 -0.031790346484342535 -59.70425737455423 0.0 0.0 0.0 0.0 0.15950032670499392 0.15950032670499392 0 0.0 0. 0. 7.1775147 3.19000653 10.36752124 
2392 -0.033445088292353375 -59.737702462846585 0.0 0.0 0.0 0.0 0.16232799981415735 0.16232799981415735 0 0.0 0. 0. 7.30475999 3.24656 10.55131999 
2393 -0.03929892822986858 -59.77700139107645 0.0 0.0 0.0 0.0 0.16497170415669427 0.16497170415669427 0 0.0 0. 0. 7.42372669 3.29943408 10.72316077 
